1.100000
1764.000000
3.000000

1.300000
2594.000000
3.000000

1.500000
2802.000000
3.000000

1.700000
2698.000000
3.000000

1.900000
5136.000000
6.000000

2.100000
2594.000000
3.000000

2.300000
2802.000000
3.000000

2.500000
2490.000000
3.000000

2.700000
2594.000000
3.000000

2.900000
2698.000000
3.000000

3.100000
2698.000000
3.000000

3.300000
2594.000000
3.000000

3.500000
2802.000000
3.000000

3.700000
2698.000000
3.000000

3.900000
2594.000000
3.000000

1.900000
2790.000000
3.000000

