24

300
8.100000
0.650000

301
8.100000
0.550000

302
8.100000
0.450000

303
8.100000
0.350000

304
8.100000
0.250000

305
8.100000
0.150000

318
5.300000
0.650000

319
5.300000
0.550000

320
5.300000
0.450000

321
5.300000
0.350000

322
5.300000
0.250000

323
5.300000
0.150000

324
19.900000
0.650000

325
19.900000
0.550000

326
19.900000
0.450000

327
19.900000
0.350000

328
19.900000
0.250000

329
19.900000
0.150000

348
11.900000
0.650000

349
11.900000
0.550000

350
11.900000
0.450000

351
11.900000
0.350000

352
11.900000
0.250000

353
11.900000
0.150000

