300

0
1.100000
1.200000

1
1.100000
1.000000

2
1.100000
0.800000

3
1.300000
1.200000

4
1.300000
1.000000

5
1.300000
0.800000

6
1.500000
1.200000

7
1.500000
1.000000

8
1.500000
0.800000

9
1.700000
1.200000

10
1.700000
1.000000

11
1.700000
0.800000

12
1.900000
1.200000

13
1.900000
1.000000

14
1.900000
0.800000

15
2.100000
1.200000

16
2.100000
1.000000

17
2.100000
0.800000

18
2.300000
1.200000

19
2.300000
1.000000

20
2.300000
0.800000

21
2.500000
1.200000

22
2.500000
1.000000

23
2.500000
0.800000

24
2.700000
1.200000

25
2.700000
1.000000

26
2.700000
0.800000

27
2.900000
1.200000

28
2.900000
1.000000

29
2.900000
0.800000

30
3.100000
1.200000

31
3.100000
1.000000

32
3.100000
0.800000

33
3.300000
1.200000

34
3.300000
1.000000

35
3.300000
0.800000

36
3.500000
1.200000

37
3.500000
1.000000

38
3.500000
0.800000

39
3.700000
1.200000

40
3.700000
1.000000

41
3.700000
0.800000

42
3.900000
1.200000

43
3.900000
1.000000

44
3.900000
0.800000

45
4.100000
1.200000

46
4.100000
1.000000

47
4.100000
0.800000

48
4.300000
1.200000

49
4.300000
1.000000

50
4.300000
0.800000

51
4.500000
1.200000

52
4.500000
1.000000

53
4.500000
0.800000

54
4.700000
1.200000

55
4.700000
1.000000

56
4.700000
0.800000

57
4.900000
1.200000

58
4.900000
1.000000

59
4.900000
0.800000

60
5.100000
1.200000

61
5.100000
1.000000

62
5.100000
0.800000

63
5.300000
1.200000

64
5.300000
1.000000

65
5.300000
0.800000

66
5.500000
1.200000

67
5.500000
1.000000

68
5.500000
0.800000

69
5.700000
1.200000

70
5.700000
1.000000

71
5.700000
0.800000

72
5.900000
1.200000

73
5.900000
1.000000

74
5.900000
0.800000

75
6.100000
1.200000

76
6.100000
1.000000

77
6.100000
0.800000

78
6.300000
1.200000

79
6.300000
1.000000

80
6.300000
0.800000

81
6.500000
1.200000

82
6.500000
1.000000

83
6.500000
0.800000

84
6.700000
1.200000

85
6.700000
1.000000

86
6.700000
0.800000

87
6.900000
1.200000

88
6.900000
1.000000

89
6.900000
0.800000

90
7.100000
1.200000

91
7.100000
1.000000

92
7.100000
0.800000

93
7.300000
1.200000

94
7.300000
1.000000

95
7.300000
0.800000

96
7.500000
1.200000

97
7.500000
1.000000

98
7.500000
0.800000

99
7.700000
1.200000

100
7.700000
1.000000

101
7.700000
0.800000

102
7.900000
1.200000

103
7.900000
1.000000

104
7.900000
0.800000

105
8.100000
1.200000

106
8.100000
1.000000

107
8.100000
0.800000

108
8.300000
1.200000

109
8.300000
1.000000

110
8.300000
0.800000

111
8.500000
1.200000

112
8.500000
1.000000

113
8.500000
0.800000

114
8.700000
1.200000

115
8.700000
1.000000

116
8.700000
0.800000

117
8.900000
1.200000

118
8.900000
1.000000

119
8.900000
0.800000

120
9.100000
1.200000

121
9.100000
1.000000

122
9.100000
0.800000

123
9.300000
1.200000

124
9.300000
1.000000

125
9.300000
0.800000

126
9.500000
1.200000

127
9.500000
1.000000

128
9.500000
0.800000

129
9.700000
1.200000

130
9.700000
1.000000

131
9.700000
0.800000

132
9.900000
1.200000

133
9.900000
1.000000

134
9.900000
0.800000

135
10.100000
1.200000

136
10.100000
1.000000

137
10.100000
0.800000

138
10.300000
1.200000

139
10.300000
1.000000

140
10.300000
0.800000

141
10.500000
1.200000

142
10.500000
1.000000

143
10.500000
0.800000

144
10.700000
1.200000

145
10.700000
1.000000

146
10.700000
0.800000

147
10.900000
1.200000

148
10.900000
1.000000

149
10.900000
0.800000

150
11.100000
1.200000

151
11.100000
1.000000

152
11.100000
0.800000

153
11.300000
1.200000

154
11.300000
1.000000

155
11.300000
0.800000

156
11.500000
1.200000

157
11.500000
1.000000

158
11.500000
0.800000

159
11.700000
1.200000

160
11.700000
1.000000

161
11.700000
0.800000

162
11.900000
1.200000

163
11.900000
1.000000

164
11.900000
0.800000

165
12.100000
1.200000

166
12.100000
1.000000

167
12.100000
0.800000

168
12.300000
1.200000

169
12.300000
1.000000

170
12.300000
0.800000

171
12.500000
1.200000

172
12.500000
1.000000

173
12.500000
0.800000

174
12.700000
1.200000

175
12.700000
1.000000

176
12.700000
0.800000

177
12.900000
1.200000

178
12.900000
1.000000

179
12.900000
0.800000

180
13.100000
1.200000

181
13.100000
1.000000

182
13.100000
0.800000

183
13.300000
1.200000

184
13.300000
1.000000

185
13.300000
0.800000

186
13.500000
1.200000

187
13.500000
1.000000

188
13.500000
0.800000

189
13.700000
1.200000

190
13.700000
1.000000

191
13.700000
0.800000

192
13.900000
1.200000

193
13.900000
1.000000

194
13.900000
0.800000

195
14.100000
1.200000

196
14.100000
1.000000

197
14.100000
0.800000

198
14.300000
1.200000

199
14.300000
1.000000

200
14.300000
0.800000

201
14.500000
1.200000

202
14.500000
1.000000

203
14.500000
0.800000

204
14.700000
1.200000

205
14.700000
1.000000

206
14.700000
0.800000

207
14.900000
1.200000

208
14.900000
1.000000

209
14.900000
0.800000

210
15.100000
1.200000

211
15.100000
1.000000

212
15.100000
0.800000

213
15.300000
1.200000

214
15.300000
1.000000

215
15.300000
0.800000

216
15.500000
1.200000

217
15.500000
1.000000

218
15.500000
0.800000

219
15.700000
1.200000

220
15.700000
1.000000

221
15.700000
0.800000

222
15.900000
1.200000

223
15.900000
1.000000

224
15.900000
0.800000

225
16.100000
1.200000

226
16.100000
1.000000

227
16.100000
0.800000

228
16.300000
1.200000

229
16.300000
1.000000

230
16.300000
0.800000

231
16.500000
1.200000

232
16.500000
1.000000

233
16.500000
0.800000

234
16.700000
1.200000

235
16.700000
1.000000

236
16.700000
0.800000

237
16.900000
1.200000

238
16.900000
1.000000

239
16.900000
0.800000

240
17.100000
1.200000

241
17.100000
1.000000

242
17.100000
0.800000

243
17.300000
1.200000

244
17.300000
1.000000

245
17.300000
0.800000

246
17.500000
1.200000

247
17.500000
1.000000

248
17.500000
0.800000

249
17.700000
1.200000

250
17.700000
1.000000

251
17.700000
0.800000

252
17.900000
1.200000

253
17.900000
1.000000

254
17.900000
0.800000

255
18.100000
1.200000

256
18.100000
1.000000

257
18.100000
0.800000

258
18.300000
1.200000

259
18.300000
1.000000

260
18.300000
0.800000

261
18.500000
1.200000

262
18.500000
1.000000

263
18.500000
0.800000

264
18.700000
1.200000

265
18.700000
1.000000

266
18.700000
0.800000

267
18.900000
1.200000

268
18.900000
1.000000

269
18.900000
0.800000

270
19.100000
1.200000

271
19.100000
1.000000

272
19.100000
0.800000

273
19.300000
1.200000

274
19.300000
1.000000

275
19.300000
0.800000

276
19.500000
1.200000

277
19.500000
1.000000

278
19.500000
0.800000

279
19.700000
1.200000

280
19.700000
1.000000

281
19.700000
0.800000

282
19.900000
1.200000

283
19.900000
1.000000

284
19.900000
0.800000

285
20.100000
1.200000

286
20.100000
1.000000

287
20.100000
0.800000

288
20.300000
1.200000

289
20.300000
1.000000

290
20.300000
0.800000

291
20.500000
1.200000

292
20.500000
1.000000

293
20.500000
0.800000

294
20.700000
1.200000

295
20.700000
1.000000

296
20.700000
0.800000

297
20.900000
1.200000

298
20.900000
1.000000

299
20.900000
0.800000

