0
3.300000
634.200012
3.000000
4.090192

1
3.500000
634.200012
3.000000
4.418165

2
3.700000
634.200012
3.000000
4.254178

3
3.900000
634.200012
3.000000
4.090192

4
4.100000
634.200012
3.000000
4.254178

5
4.300000
634.200012
3.000000
4.254178

6
4.500000
634.200012
3.000000
4.090192

7
4.700000
634.200012
3.000000
4.090192

8
4.900000
634.200012
3.000000
3.926206

9
5.100000
634.200012
3.000000
4.090192

10
5.300000
634.200012
3.000000
4.090192

11
5.500000
634.200012
3.000000
4.090192

12
5.700000
634.200012
3.000000
4.254178

13
5.900000
634.200012
3.000000
4.254178

14
6.100000
634.200012
3.000000
3.926206

15
6.300000
634.200012
3.000000
4.090192

16
6.500000
634.200012
3.000000
4.418165

17
6.700000
634.200012
3.000000
4.418165

18
6.900000
634.200012
3.000000
4.254178

19
7.100000
634.200012
3.000000
4.090192

20
7.300000
634.200012
3.000000
4.254178

21
7.500000
634.200012
3.000000
4.418165

22
7.700000
634.200012
3.000000
4.254178

23
7.900000
634.200012
3.000000
4.254178

24
8.100000
634.200012
3.000000
4.090192

25
8.300000
634.200012
3.000000
4.254178

26
8.500000
634.200012
3.000000
4.418165

27
8.700000
634.200012
3.000000
3.926206

28
8.900000
634.200012
3.000000
4.418165

29
9.100000
634.200012
3.000000
4.254178

30
9.300000
634.200012
3.000000
4.090192

