300

0
0
1.100000
1.200000
0.016000

0
1
1.100000
1.000000
0.016000

0
2
1.100000
0.800000
0.016000

1
3
1.300000
1.200000
0.016000

1
4
1.300000
1.000000
0.016000

1
5
1.300000
0.800000
0.016000

2
6
1.500000
1.200000
0.016000

2
7
1.500000
1.000000
0.016000

2
8
1.500000
0.800000
0.016000

3
9
1.700000
1.200000
0.016000

3
10
1.700000
1.000000
0.016000

3
11
1.700000
0.800000
0.016000

4
12
1.900000
1.200000
0.016000

4
13
1.900000
1.000000
0.016000

4
14
1.900000
0.800000
0.016000

5
15
2.100000
1.200000
0.016000

5
16
2.100000
1.000000
0.016000

5
17
2.100000
0.800000
0.016000

6
18
2.300000
1.200000
0.016000

6
19
2.300000
1.000000
0.016000

6
20
2.300000
0.800000
0.016000

7
21
2.500000
1.200000
0.016000

7
22
2.500000
1.000000
0.016000

7
23
2.500000
0.800000
0.016000

8
24
2.700000
1.200000
0.016000

8
25
2.700000
1.000000
0.016000

8
26
2.700000
0.800000
0.016000

9
27
2.900000
1.200000
0.016000

9
28
2.900000
1.000000
0.016000

9
29
2.900000
0.800000
0.016000

10
30
3.100000
1.200000
0.016000

10
31
3.100000
1.000000
0.016000

10
32
3.100000
0.800000
0.016000

11
33
3.300000
1.200000
0.016000

11
34
3.300000
1.000000
0.016000

11
35
3.300000
0.800000
0.016000

12
36
3.500000
1.200000
0.016000

12
37
3.500000
1.000000
0.016000

12
38
3.500000
0.800000
0.016000

13
39
3.700000
1.200000
0.016000

13
40
3.700000
1.000000
0.016000

13
41
3.700000
0.800000
0.016000

14
42
3.900000
1.200000
0.016000

14
43
3.900000
1.000000
0.016000

14
44
3.900000
0.800000
0.016000

15
45
4.100000
1.200000
0.016000

15
46
4.100000
1.000000
0.016000

15
47
4.100000
0.800000
0.016000

16
48
4.300000
1.200000
0.016000

16
49
4.300000
1.000000
0.016000

16
50
4.300000
0.800000
0.016000

17
51
4.500000
1.200000
0.016000

17
52
4.500000
1.000000
0.016000

17
53
4.500000
0.800000
0.016000

18
54
4.700000
1.200000
0.016000

18
55
4.700000
1.000000
0.016000

18
56
4.700000
0.800000
0.016000

19
57
4.900000
1.200000
0.016000

19
58
4.900000
1.000000
0.016000

19
59
4.900000
0.800000
0.016000

20
60
5.100000
1.200000
0.016000

20
61
5.100000
1.000000
0.016000

20
62
5.100000
0.800000
0.016000

21
63
5.300000
1.200000
0.016000

21
64
5.300000
1.000000
0.016000

21
65
5.300000
0.800000
0.016000

22
66
5.500000
1.200000
0.016000

22
67
5.500000
1.000000
0.016000

22
68
5.500000
0.800000
0.016000

23
69
5.700000
1.200000
0.016000

23
70
5.700000
1.000000
0.016000

23
71
5.700000
0.800000
0.016000

24
72
5.900000
1.200000
0.016000

24
73
5.900000
1.000000
0.016000

24
74
5.900000
0.800000
0.016000

25
75
6.100000
1.200000
0.016000

25
76
6.100000
1.000000
0.016000

25
77
6.100000
0.800000
0.016000

26
78
6.300000
1.200000
0.016000

26
79
6.300000
1.000000
0.016000

26
80
6.300000
0.800000
0.016000

27
81
6.500000
1.200000
0.016000

27
82
6.500000
1.000000
0.016000

27
83
6.500000
0.800000
0.016000

28
84
6.700000
1.200000
0.016000

28
85
6.700000
1.000000
0.016000

28
86
6.700000
0.800000
0.016000

29
87
6.900000
1.200000
0.016000

29
88
6.900000
1.000000
0.016000

29
89
6.900000
0.800000
0.016000

30
90
7.100000
1.200000
0.016000

30
91
7.100000
1.000000
0.016000

30
92
7.100000
0.800000
0.016000

31
93
7.300000
1.200000
0.016000

31
94
7.300000
1.000000
0.016000

31
95
7.300000
0.800000
0.016000

32
96
7.500000
1.200000
0.016000

32
97
7.500000
1.000000
0.016000

32
98
7.500000
0.800000
0.016000

33
99
7.700000
1.200000
0.016000

33
100
7.700000
1.000000
0.016000

33
101
7.700000
0.800000
0.016000

34
102
7.900000
1.200000
0.016000

34
103
7.900000
1.000000
0.016000

34
104
7.900000
0.800000
0.016000

35
105
8.100000
1.200000
0.016000

35
106
8.100000
1.000000
0.016000

35
107
8.100000
0.800000
0.016000

36
108
8.300000
1.200000
0.016000

36
109
8.300000
1.000000
0.016000

36
110
8.300000
0.800000
0.016000

37
111
8.500000
1.200000
0.016000

37
112
8.500000
1.000000
0.016000

37
113
8.500000
0.800000
0.016000

38
114
8.700000
1.200000
0.016000

38
115
8.700000
1.000000
0.016000

38
116
8.700000
0.800000
0.016000

39
117
8.900000
1.200000
0.016000

39
118
8.900000
1.000000
0.016000

39
119
8.900000
0.800000
0.016000

40
120
9.100000
1.200000
0.016000

40
121
9.100000
1.000000
0.016000

40
122
9.100000
0.800000
0.016000

41
123
9.300000
1.200000
0.016000

41
124
9.300000
1.000000
0.016000

41
125
9.300000
0.800000
0.016000

42
126
9.500000
1.200000
0.016000

42
127
9.500000
1.000000
0.016000

42
128
9.500000
0.800000
0.016000

43
129
9.700000
1.200000
0.016000

43
130
9.700000
1.000000
0.016000

43
131
9.700000
0.800000
0.016000

44
132
9.900000
1.200000
0.016000

44
133
9.900000
1.000000
0.016000

44
134
9.900000
0.800000
0.016000

45
135
10.100000
1.200000
0.016000

45
136
10.100000
1.000000
0.016000

45
137
10.100000
0.800000
0.016000

46
138
10.300000
1.200000
0.016000

46
139
10.300000
1.000000
0.016000

46
140
10.300000
0.800000
0.016000

47
141
10.500000
1.200000
0.016000

47
142
10.500000
1.000000
0.016000

47
143
10.500000
0.800000
0.016000

48
144
10.700000
1.200000
0.016000

48
145
10.700000
1.000000
0.016000

48
146
10.700000
0.800000
0.016000

49
147
10.900000
1.200000
0.016000

49
148
10.900000
1.000000
0.016000

49
149
10.900000
0.800000
0.016000

50
150
11.100000
1.200000
0.016000

50
151
11.100000
1.000000
0.016000

50
152
11.100000
0.800000
0.016000

51
153
11.300000
1.200000
0.016000

51
154
11.300000
1.000000
0.016000

51
155
11.300000
0.800000
0.016000

52
156
11.500000
1.200000
0.016000

52
157
11.500000
1.000000
0.016000

52
158
11.500000
0.800000
0.016000

53
159
11.700000
1.200000
0.016000

53
160
11.700000
1.000000
0.016000

53
161
11.700000
0.800000
0.016000

54
162
11.900000
1.200000
0.016000

54
163
11.900000
1.000000
0.016000

54
164
11.900000
0.800000
0.016000

55
165
12.100000
1.200000
0.016000

55
166
12.100000
1.000000
0.016000

55
167
12.100000
0.800000
0.016000

56
168
12.300000
1.200000
0.016000

56
169
12.300000
1.000000
0.016000

56
170
12.300000
0.800000
0.016000

57
171
12.500000
1.200000
0.016000

57
172
12.500000
1.000000
0.016000

57
173
12.500000
0.800000
0.016000

58
174
12.700000
1.200000
0.016000

58
175
12.700000
1.000000
0.016000

58
176
12.700000
0.800000
0.016000

59
177
12.900000
1.200000
0.016000

59
178
12.900000
1.000000
0.016000

59
179
12.900000
0.800000
0.016000

60
180
13.100000
1.200000
0.016000

60
181
13.100000
1.000000
0.016000

60
182
13.100000
0.800000
0.016000

61
183
13.300000
1.200000
0.016000

61
184
13.300000
1.000000
0.016000

61
185
13.300000
0.800000
0.016000

62
186
13.500000
1.200000
0.016000

62
187
13.500000
1.000000
0.016000

62
188
13.500000
0.800000
0.016000

63
189
13.700000
1.200000
0.016000

63
190
13.700000
1.000000
0.016000

63
191
13.700000
0.800000
0.016000

64
192
13.900000
1.200000
0.016000

64
193
13.900000
1.000000
0.016000

64
194
13.900000
0.800000
0.016000

65
195
14.100000
1.200000
0.016000

65
196
14.100000
1.000000
0.016000

65
197
14.100000
0.800000
0.016000

66
198
14.300000
1.200000
0.016000

66
199
14.300000
1.000000
0.016000

66
200
14.300000
0.800000
0.016000

67
201
14.500000
1.200000
0.016000

67
202
14.500000
1.000000
0.016000

67
203
14.500000
0.800000
0.016000

68
204
14.700000
1.200000
0.016000

68
205
14.700000
1.000000
0.016000

68
206
14.700000
0.800000
0.016000

69
207
14.900000
1.200000
0.016000

69
208
14.900000
1.000000
0.016000

69
209
14.900000
0.800000
0.016000

70
210
15.100000
1.200000
0.016000

70
211
15.100000
1.000000
0.016000

70
212
15.100000
0.800000
0.016000

71
213
15.300000
1.200000
0.016000

71
214
15.300000
1.000000
0.016000

71
215
15.300000
0.800000
0.016000

72
216
15.500000
1.200000
0.016000

72
217
15.500000
1.000000
0.016000

72
218
15.500000
0.800000
0.016000

73
219
15.700000
1.200000
0.016000

73
220
15.700000
1.000000
0.016000

73
221
15.700000
0.800000
0.016000

74
222
15.900000
1.200000
0.016000

74
223
15.900000
1.000000
0.016000

74
224
15.900000
0.800000
0.016000

75
225
16.100000
1.200000
0.016000

75
226
16.100000
1.000000
0.016000

75
227
16.100000
0.800000
0.016000

76
228
16.300000
1.200000
0.016000

76
229
16.300000
1.000000
0.016000

76
230
16.300000
0.800000
0.016000

77
231
16.500000
1.200000
0.016000

77
232
16.500000
1.000000
0.016000

77
233
16.500000
0.800000
0.016000

78
234
16.700000
1.200000
0.016000

78
235
16.700000
1.000000
0.016000

78
236
16.700000
0.800000
0.016000

79
237
16.900000
1.200000
0.016000

79
238
16.900000
1.000000
0.016000

79
239
16.900000
0.800000
0.016000

80
240
17.100000
1.200000
0.016000

80
241
17.100000
1.000000
0.016000

80
242
17.100000
0.800000
0.016000

81
243
17.300000
1.200000
0.016000

81
244
17.300000
1.000000
0.016000

81
245
17.300000
0.800000
0.016000

82
246
17.500000
1.200000
0.016000

82
247
17.500000
1.000000
0.016000

82
248
17.500000
0.800000
0.016000

83
249
17.700000
1.200000
0.016000

83
250
17.700000
1.000000
0.016000

83
251
17.700000
0.800000
0.016000

84
252
17.900000
1.200000
0.016000

84
253
17.900000
1.000000
0.016000

84
254
17.900000
0.800000
0.016000

85
255
18.100000
1.200000
0.016000

85
256
18.100000
1.000000
0.016000

85
257
18.100000
0.800000
0.016000

86
258
18.300000
1.200000
0.016000

86
259
18.300000
1.000000
0.016000

86
260
18.300000
0.800000
0.016000

87
261
18.500000
1.200000
0.016000

87
262
18.500000
1.000000
0.016000

87
263
18.500000
0.800000
0.016000

88
264
18.700000
1.200000
0.016000

88
265
18.700000
1.000000
0.016000

88
266
18.700000
0.800000
0.016000

89
267
18.900000
1.200000
0.016000

89
268
18.900000
1.000000
0.016000

89
269
18.900000
0.800000
0.016000

90
270
19.100000
1.200000
0.016000

90
271
19.100000
1.000000
0.016000

90
272
19.100000
0.800000
0.016000

91
273
19.300000
1.200000
0.016000

91
274
19.300000
1.000000
0.016000

91
275
19.300000
0.800000
0.016000

92
276
19.500000
1.200000
0.016000

92
277
19.500000
1.000000
0.016000

92
278
19.500000
0.800000
0.016000

93
279
19.700000
1.200000
0.016000

93
280
19.700000
1.000000
0.016000

93
281
19.700000
0.800000
0.016000

94
282
19.900000
1.200000
0.016000

94
283
19.900000
1.000000
0.016000

94
284
19.900000
0.800000
0.016000

95
285
20.100000
1.200000
0.016000

95
286
20.100000
1.000000
0.016000

95
287
20.100000
0.800000
0.016000

96
288
20.300000
1.200000
0.016000

96
289
20.300000
1.000000
0.016000

96
290
20.300000
0.800000
0.016000

97
291
20.500000
1.200000
0.016000

97
292
20.500000
1.000000
0.016000

97
293
20.500000
0.800000
0.016000

98
294
20.700000
1.200000
0.016000

98
295
20.700000
1.000000
0.016000

98
296
20.700000
0.800000
0.016000

99
297
20.900000
1.200000
0.016000

99
298
20.900000
1.000000
0.016000

99
299
20.900000
0.800000
0.016000

