66

300
9.900000
1.350000

301
9.900000
1.450000

302
9.900000
1.550000

303
9.900000
1.650000

304
9.900000
1.750000

305
9.900000
1.850000

306
3.500000
0.650000

307
3.500000
0.550000

308
3.500000
0.450000

309
3.500000
0.350000

310
3.500000
0.250000

311
3.500000
0.150000

312
4.300000
0.650000

313
4.300000
0.550000

314
4.300000
0.450000

315
4.300000
0.350000

316
4.300000
0.250000

317
4.300000
0.150000

318
1.500000
1.350000

319
1.500000
1.450000

320
1.500000
1.550000

321
1.500000
1.650000

322
1.500000
1.750000

323
1.500000
1.850000

324
19.900000
1.350000

325
19.900000
1.450000

326
19.900000
1.550000

327
19.900000
1.650000

328
19.900000
1.750000

329
19.900000
1.850000

330
13.500000
0.650000

331
13.500000
0.550000

332
13.500000
0.450000

333
13.500000
0.350000

334
13.500000
0.250000

335
13.500000
0.150000

336
14.300000
0.650000

337
14.300000
0.550000

338
14.300000
0.450000

339
14.300000
0.350000

340
14.300000
0.250000

341
14.300000
0.150000

342
11.500000
1.350000

343
11.500000
1.450000

344
11.500000
1.550000

345
11.500000
1.650000

346
11.500000
1.750000

347
11.500000
1.850000

348
17.700000
0.650000

349
17.700000
0.550000

350
17.700000
0.450000

351
17.700000
0.350000

352
17.700000
0.250000

353
17.700000
0.150000

354
18.900000
0.650000

355
18.900000
0.550000

356
18.900000
0.450000

357
18.900000
0.350000

358
18.900000
0.250000

359
18.900000
0.150000

360
18.100000
1.350000

361
18.100000
1.450000

362
18.100000
1.550000

363
18.100000
1.650000

364
18.100000
1.750000

365
18.100000
1.850000

