0 59993.200000
1 59729.050000
2 59459.050000
3 59277.500000
4 59101.100000
5 58986.950000
6 58888.250000
7 58794.950000
8 58717.050000
9 58649.600000
10 58545.800000
11 58452.500000
12 58338.200000
13 58260.300000
14 58161.700000
15 58073.550000
16 58016.450000
17 57938.500000
18 57840.050000
19 57798.600000
20 57720.700000
21 57668.800000
22 57616.900000
23 57570.250000
24 57544.200000
25 57455.950000
26 57461.150000
27 57430.000000
28 57357.400000
29 57279.550000
30 57227.650000
31 57206.900000
32 57180.950000
33 57165.350000
34 57118.600000
35 57118.700000
36 57118.650000
37 57030.500000
38 57004.550000
39 56973.350000
40 56973.400000
41 56942.350000
42 56926.650000
43 56905.950000
44 56895.500000
45 56848.850000
46 56817.850000
47 56786.650000
48 56791.800000
49 56750.250000
50 56719.100000
51 56724.250000
52 56755.450000
53 56760.600000
54 56776.200000
55 56791.750000
56 56802.100000
57 56791.850000
58 56791.750000
59 56802.150000
60 56802.150000
61 56807.300000
62 56796.900000
63 56760.550000
64 56765.750000
65 56755.400000
66 56771.000000
67 56771.050000
68 56734.650000
69 56729.400000
70 56729.400000
71 56724.250000
72 56734.600000
73 56750.250000
74 56745.000000
75 56745.150000
76 56755.500000
77 56750.250000
78 56745.050000
79 56771.050000
80 56745.150000
81 56739.850000
82 56708.800000
83 56724.350000
84 56713.950000
85 56682.750000
86 56662.050000
87 56667.150000
88 56672.300000
89 56677.500000
90 56693.100000
91 56687.950000
92 56698.350000
93 56687.900000
94 56672.400000
95 56672.400000
96 56641.300000
97 56625.700000
98 56636.150000
99 56656.950000
100 56646.500000
101 56641.350000
102 56646.550000
103 56672.400000
104 56661.950000
105 56651.650000
106 56662.000000
107 56651.650000
108 56646.500000
109 56646.450000
110 56646.500000
111 56636.100000
112 56646.550000
113 56656.900000
114 56625.750000
115 56646.500000
116 56651.750000
117 56636.150000
118 56631.000000
119 56620.600000
120 56605.000000
121 56599.750000
122 56594.650000
123 56594.650000
124 56599.800000
125 56589.400000
126 56589.400000
127 56589.400000
128 56568.600000
129 56558.250000
130 56527.100000
131 56532.350000
132 56532.350000
133 56547.900000
134 56547.950000
135 56542.750000
136 56537.550000
137 56537.450000
138 56521.850000
139 56516.700000
140 56506.350000
141 56501.200000
142 56490.850000
143 56485.600000
144 56485.650000
145 56480.500000
146 56480.500000
147 56470.100000
148 56449.300000
149 56433.800000
150 56428.550000
151 56407.800000
152 56413.000000
153 56392.250000
154 56366.350000
155 56361.150000
156 56340.350000
157 56340.350000
158 56340.350000
159 56345.500000
160 56350.700000
161 56314.400000
162 56298.800000
163 56288.400000
164 56314.350000
165 56309.150000
166 56309.150000
167 56303.900000
168 56288.550000
169 56273.000000
170 56288.500000
171 56288.500000
172 56278.150000
173 56273.000000
174 56241.800000
175 56236.600000
176 56221.050000
177 56215.850000
178 56210.600000
179 56210.600000
180 56220.950000
181 56220.950000
182 56205.350000
183 56194.950000
184 56205.350000
185 56189.750000
186 56189.750000
187 56163.800000
188 56153.400000
189 56148.250000
190 56148.250000
191 56143.050000
192 56143.050000
193 56132.700000
194 56117.150000
195 56096.350000
196 56086.000000
197 56054.900000
198 56044.500000
199 56039.300000
200 56039.300000
201 56034.100000
202 56028.950000
203 56023.750000
204 56018.650000
205 56013.500000
206 56029.000000
207 56008.250000
208 56003.100000
209 55997.800000
210 55992.600000
211 55992.600000
212 55977.000000
213 55961.500000
214 55951.150000
215 55940.750000
216 55920.000000
217 55904.400000
218 55888.850000
219 55888.850000
220 55888.850000
221 55868.100000
222 55878.450000
223 55883.650000
224 55883.650000
225 55857.700000
226 55847.350000
227 55852.550000
228 55852.500000
229 55867.950000
230 55852.400000
231 55847.200000
232 55852.400000
233 55847.150000
234 55842.000000
235 55826.500000
236 55826.500000
237 55821.300000
238 55821.300000
239 55826.500000
240 55810.950000
241 55816.100000
242 55816.100000
243 55810.900000
244 55805.700000
245 55805.700000
246 55805.750000
247 55805.650000
248 55805.650000
249 55790.100000
250 55790.150000
251 55779.750000
252 55784.900000
253 55779.800000
254 55759.050000
255 55764.150000
256 55753.800000
257 55733.100000
258 55727.900000
259 55738.250000
260 55738.250000
261 55748.650000
262 55759.050000
263 55743.500000
264 55743.500000
265 55733.150000
266 55738.350000
267 55733.150000
268 55722.700000
269 55707.100000
270 55701.900000
271 55701.950000
272 55696.800000
273 55681.250000
274 55650.100000
275 55660.500000
276 55655.300000
277 55655.300000
278 55655.350000
279 55650.150000
280 55629.400000
281 55624.200000
282 55619.000000
283 55603.450000
284 55577.550000
285 55561.950000
286 55572.350000
287 55567.150000
288 55556.750000
289 55546.350000
290 55535.950000
291 55541.100000
292 55541.100000
293 55530.700000
294 55530.750000
295 55535.900000
296 55515.100000
297 55509.950000
298 55504.750000
299 55509.950000
300 55504.750000
301 55489.250000
302 55494.450000
303 55478.850000
304 55452.900000
305 55447.800000
306 55447.800000
307 55432.150000
308 55416.550000
309 55406.200000
310 55401.000000
311 55390.600000
312 55395.800000
313 55375.050000
314 55401.000000
315 55406.200000
316 55416.600000
317 55406.250000
318 55411.350000
319 55400.950000
320 55400.950000
321 55400.950000
322 55395.750000
323 55385.350000
324 55385.350000
325 55364.600000
326 55354.200000
327 55354.200000
328 55359.400000
329 55354.250000
330 55338.750000
331 55323.200000
332 55328.400000
333 55328.400000
334 55307.700000
335 55287.000000
336 55281.750000
337 55271.300000
338 55281.650000
339 55276.500000
340 55266.000000
341 55245.250000
342 55229.750000
343 55224.550000
344 55214.200000
345 55203.800000
346 55214.150000
347 55198.600000
348 55198.600000
349 55188.200000
350 55188.300000
351 55188.250000
352 55177.850000
353 55177.800000
354 55177.800000
355 55183.000000
356 55188.150000
357 55177.750000
358 55167.350000
359 55162.150000
360 55162.150000
361 55167.350000
362 55151.850000
363 55146.650000
364 55162.300000
365 55151.900000
366 55136.350000
367 55115.550000
368 55110.350000
369 55099.900000
370 55110.250000
371 55089.550000
372 55084.400000
373 55105.100000
374 55105.100000
375 55099.950000
376 55099.950000
377 55100.000000
378 55094.850000
379 55089.650000
380 55074.050000
381 55084.450000
382 55079.300000
383 55084.450000
384 55074.050000
385 55063.700000
386 55063.650000
387 55058.550000
388 55063.700000
389 55058.500000
390 55063.700000
391 55053.350000
392 55048.150000
393 55048.150000
394 55027.400000
395 55027.400000
396 55022.200000
397 55006.600000
398 54996.250000
399 55001.450000
400 54996.300000
401 55001.500000
402 54996.300000
403 54991.100000
404 54991.100000
405 54980.700000
406 54975.550000
407 54980.650000
408 54980.650000
409 54975.500000
410 54965.100000
411 54975.500000
412 54959.900000
413 54959.900000
414 54949.500000
415 54944.300000
416 54939.200000
417 54939.150000
418 54944.350000
419 54944.350000
420 54939.150000
421 54934.000000
422 54928.800000
423 54923.600000
424 54918.400000
425 54913.200000
426 54913.200000
427 54897.650000
428 54876.900000
429 54866.600000
430 54861.400000
431 54856.250000
432 54840.650000
433 54835.450000
434 54835.450000
435 54835.450000
436 54830.250000
437 54835.400000
438 54825.050000
439 54825.000000
440 54830.250000
441 54819.850000
442 54809.450000
443 54799.050000
444 54804.250000
445 54793.850000
446 54783.450000
447 54773.100000
448 54762.700000
449 54757.450000
450 54752.250000
451 54757.450000
452 54747.100000
453 54731.550000
454 54715.950000
455 54700.350000
456 54690.000000
457 54690.000000
458 54664.050000
459 54643.400000
460 54638.200000
461 54633.000000
462 54627.850000
463 54627.800000
464 54612.200000
465 54617.400000
466 54612.200000
467 54607.000000
468 54591.400000
469 54570.600000
470 54570.700000
471 54565.500000
472 54560.300000
473 54555.150000
474 54544.800000
475 54529.200000
476 54544.800000
477 54555.150000
478 54570.700000
479 54570.650000
480 54570.650000
481 54555.100000
482 54549.850000
483 54549.850000
484 54534.250000
485 54523.900000
486 54534.300000
487 54539.500000
488 54524.050000
489 54513.600000
490 54508.400000
491 54503.200000
492 54487.600000
493 54482.450000
494 54477.300000
495 54461.750000
496 54461.750000
497 54456.550000
498 54456.600000
499 54451.400000
500 54441.000000
501 54441.000000
502 54435.900000
503 54430.700000
504 54420.300000
505 54420.300000
506 54425.450000
507 54430.600000
508 54430.550000
509 54425.400000
510 54420.200000
511 54420.200000
512 54415.000000
513 54409.800000
514 54399.450000
515 54389.100000
516 54383.900000
517 54389.100000
518 54389.150000
519 54373.500000
520 54373.500000
521 54373.550000
522 54368.350000
523 54347.600000
524 54352.800000
525 54342.450000
526 54342.450000
527 54342.450000
528 54352.900000
529 54337.300000
530 54326.900000
531 54326.900000
532 54311.300000
533 54300.900000
534 54285.300000
535 54290.500000
536 54285.300000
537 54295.650000
538 54295.650000
539 54306.050000
540 54290.450000
541 54280.050000
542 54248.900000
543 54243.700000
544 54217.900000
545 54207.500000
546 54202.350000
547 54197.150000
548 54176.400000
549 54171.200000
550 54186.750000
551 54186.700000
552 54176.250000
553 54181.450000
554 54181.500000
555 54176.300000
556 54171.100000
557 54155.450000
558 54160.650000
559 54134.700000
560 54129.500000
561 54129.500000
562 54124.350000
563 54114.000000
564 54098.400000
565 54098.400000
566 54072.450000
567 54056.850000
568 54077.600000
569 54072.450000
570 54077.650000
571 54077.650000
572 54072.450000
573 54062.050000
574 54051.700000
575 54041.300000
576 54030.950000
577 54020.600000
578 54020.600000
579 54010.250000
580 53999.900000
581 53984.350000
582 53963.600000
583 53958.400000
584 53963.550000
585 53963.500000
586 53953.150000
587 53948.000000
588 53932.450000
589 53911.700000
590 53901.350000
591 53896.150000
592 53896.150000
593 53880.600000
594 53896.150000
595 53870.250000
596 53859.850000
597 53859.850000
598 53859.900000
599 53859.850000
600 53844.300000
601 53844.300000
602 53818.350000
603 53802.750000
604 53802.750000
605 53797.550000
606 53792.350000
607 53787.150000
608 53782.000000
609 53771.650000
610 53771.600000
611 53761.200000
612 53756.000000
613 53745.600000
614 53735.250000
615 53735.250000
616 53730.050000
617 53735.250000
618 53730.050000
619 53719.750000
620 53724.900000
621 53724.900000
622 53714.550000
623 53714.500000
624 53709.300000
625 53719.700000
626 53714.500000
627 53724.900000
628 53719.650000
629 53714.500000
630 53714.500000
631 53709.300000
632 53709.350000
633 53698.900000
634 53683.300000
635 53667.800000
636 53657.450000
637 53647.100000
638 53657.450000
639 53647.050000
640 53641.900000
641 53636.750000
642 53636.750000
643 53610.750000
644 53616.000000
645 53605.600000
646 53610.750000
647 53626.300000
648 53621.150000
649 53610.800000
650 53610.800000
651 53605.600000
652 53584.850000
653 53574.400000
654 53569.200000
655 53564.050000
656 53558.800000
657 53543.200000
658 53532.850000
659 53532.850000
660 53512.100000
661 53522.450000
662 53532.800000
663 53522.400000
664 53527.600000
665 53532.800000
666 53538.050000
667 53522.450000
668 53527.600000
669 53517.200000
670 53496.550000
671 53496.500000
672 53480.900000
673 53470.550000
674 53470.600000
675 53460.200000
676 53439.550000
677 53444.700000
678 53423.900000
679 53423.950000
680 53403.150000
681 53392.750000
682 53392.750000
683 53377.150000
684 53361.650000
685 53351.250000
686 53346.050000
687 53340.850000
688 53335.650000
689 53340.800000
690 53330.450000
691 53330.400000
692 53325.300000
693 53314.900000
694 53294.200000
695 53283.800000
696 53278.600000
697 53273.450000
698 53257.900000
699 53263.050000
700 53242.250000
701 53231.850000
702 53231.850000
703 53216.250000
704 53205.850000
705 53221.450000
706 53195.550000
707 53195.550000
708 53185.200000
709 53180.050000
710 53174.850000
711 53169.600000
712 53169.600000
713 53154.100000
714 53143.650000
715 53143.700000
716 53138.550000
717 53143.700000
718 53148.850000
719 53138.400000
720 53138.350000
721 53138.350000
722 53122.800000
723 53112.450000
724 53107.250000
725 53117.650000
726 53117.700000
727 53097.000000
728 53097.000000
729 53096.950000
730 53070.950000
731 53070.950000
732 53055.400000
733 53055.400000
734 53045.050000
735 53039.900000
736 53019.150000
737 53019.150000
738 53019.150000
739 53019.150000
740 53019.150000
741 53013.950000
742 53029.550000
743 53029.550000
744 53019.150000
745 53003.550000
746 53003.550000
747 52988.000000
748 52988.000000
749 52988.000000
750 52982.800000
751 52988.000000
752 52982.800000
753 52977.600000
754 52956.850000
755 52951.700000
756 52962.050000
757 52967.250000
758 52941.400000
759 52920.650000
760 52910.250000
761 52894.650000
762 52899.850000
763 52899.800000
764 52915.350000
765 52910.150000
766 52884.150000
767 52879.000000
768 52853.000000
769 52847.850000
770 52842.650000
771 52832.200000
772 52827.000000
773 52811.550000
774 52816.800000
775 52806.400000
776 52796.000000
777 52790.750000
778 52754.450000
779 52764.850000
780 52738.900000
781 52728.550000
782 52718.200000
783 52707.850000
784 52676.700000
785 52676.700000
786 52692.250000
787 52671.450000
788 52661.100000
789 52650.750000
790 52650.750000
791 52655.850000
792 52655.850000
793 52640.250000
794 52645.450000
795 52635.000000
796 52609.050000
797 52593.550000
798 52593.500000
799 52577.900000
800 52572.700000
801 52546.750000
802 52546.850000
803 52526.100000
804 52520.900000
805 52515.800000
806 52495.050000
807 52484.700000
808 52479.500000
809 52474.350000
810 52469.150000
811 52469.150000
812 52469.150000
813 52464.000000
814 52458.750000
815 52432.850000
816 52432.850000
817 52422.450000
818 52406.850000
819 52401.650000
820 52401.650000
821 52386.050000
822 52391.250000
823 52375.600000
824 52375.600000
825 52375.600000
826 52365.200000
827 52354.800000
828 52339.250000
829 52339.250000
830 52344.450000
831 52328.900000
832 52323.750000
833 52313.350000
834 52308.150000
835 52292.600000
836 52287.450000
837 52292.650000
838 52287.400000
839 52261.450000
840 52266.600000
841 52256.250000
842 52256.200000
843 52251.000000
844 52261.400000
845 52235.450000
846 52225.100000
847 52219.900000
848 52204.350000
849 52183.600000
850 52173.250000
851 52162.900000
852 52152.500000
853 52142.200000
854 52137.000000
855 52131.800000
856 52121.400000
857 52111.000000
858 52095.400000
859 52111.000000
860 52105.800000
861 52100.600000
862 52095.450000
863 52121.400000
864 52121.400000
865 52121.400000
866 52111.000000
867 52085.050000
868 52085.100000
869 52064.500000
870 52043.700000
871 52048.900000
872 52028.100000
873 52038.450000
874 52017.650000
875 52002.100000
876 51986.600000
877 51976.200000
878 51986.600000
879 51986.600000
880 51971.050000
881 51960.600000
882 51950.150000
883 51929.400000
884 51924.250000
885 51919.050000
886 51929.450000
887 51924.250000
888 51913.850000
889 51887.900000
890 51887.900000
891 51882.650000
892 51882.700000
893 51877.550000
894 51882.750000
895 51882.750000
896 51877.550000
897 51851.600000
898 51841.150000
899 51846.350000
900 51815.200000
901 51799.700000
902 51799.700000
903 51773.700000
904 51778.900000
905 51784.100000
906 51763.350000
907 51737.400000
908 51747.800000
909 51737.400000
910 51727.050000
911 51721.850000
912 51716.650000
913 51706.250000
914 51706.250000
915 51690.650000
916 51685.450000
917 51654.350000
918 51638.800000
919 51628.400000
920 51612.800000
921 51612.800000
922 51597.250000
923 51597.250000
924 51586.900000
925 51581.700000
926 51571.350000
927 51586.900000
928 51561.000000
929 51560.950000
930 51540.200000
931 51529.800000
932 51503.850000
933 51498.700000
934 51503.900000
935 51488.300000
936 51477.900000
937 51462.300000
938 51462.300000
939 51452.000000
940 51452.000000
941 51426.050000
942 51420.850000
943 51415.650000
944 51384.550000
945 51374.200000
946 51379.350000
947 51363.750000
948 51353.350000
949 51343.000000
950 51322.200000
951 51306.600000
952 51291.050000
953 51280.650000
954 51275.450000
955 51249.550000
956 51239.150000
957 51233.950000
958 51244.350000
959 51259.950000
960 51265.100000
961 51259.900000
962 51244.350000
963 51228.750000
964 51228.750000
965 51228.750000
966 51244.350000
967 51223.650000
968 51213.250000
969 51213.250000
970 51208.100000
971 51187.300000
972 51187.300000
973 51187.300000
974 51192.450000
975 51182.050000
976 51150.950000
977 51150.950000
978 51130.150000
979 51119.750000
980 51109.400000
981 51088.650000
982 51073.150000
983 51068.000000
984 51073.150000
985 51068.000000
986 51047.200000
987 51021.200000
988 51000.500000
989 51010.900000
990 50995.300000
991 50984.950000
992 50990.150000
993 50969.350000
994 50943.400000
995 50943.400000
996 50948.600000
997 50953.800000
998 50953.850000
999 50948.650000
1000 50948.650000
1001 50938.200000
1002 50938.250000
1003 50938.250000
1004 50938.300000
1005 50922.750000
1006 50912.350000
1007 50896.850000
1008 50902.000000
1009 50902.000000
1010 50886.450000
1011 50881.300000
1012 50896.800000
1013 50881.200000
1014 50865.600000
1015 50855.250000
1016 50834.450000
1017 50803.300000
1018 50792.900000
1019 50792.900000
1020 50798.150000
1021 50777.350000
1022 50767.050000
1023 50746.300000
1024 50767.050000
1025 50787.750000
1026 50772.100000
1027 50761.750000
1028 50751.350000
1029 50751.300000
1030 50751.350000
1031 50730.600000
1032 50730.600000
1033 50741.000000
1034 50715.000000
1035 50715.050000
1036 50709.900000
1037 50704.700000
1038 50689.100000
1039 50683.900000
1040 50678.700000
1041 50668.300000
1042 50668.300000
1043 50637.300000
1044 50642.500000
1045 50632.100000
1046 50626.950000
1047 50621.750000
1048 50611.350000
1049 50616.500000
1050 50611.300000
1051 50611.300000
1052 50600.900000
1053 50595.750000
1054 50595.700000
1055 50606.050000
1056 50600.900000
1057 50590.550000
1058 50580.150000
1059 50564.550000
1060 50569.750000
1061 50564.550000
1062 50569.750000
1063 50564.550000
1064 50559.350000
1065 50548.950000
1066 50533.400000
1067 50528.250000
1068 50528.250000
1069 50528.250000
1070 50512.700000
1071 50507.550000
1072 50502.350000
1073 50486.750000
1074 50481.550000
1075 50471.150000
1076 50465.950000
1077 50471.150000
1078 50465.950000
1079 50465.950000
1080 50466.000000
1081 50460.800000
1082 50450.400000
1083 50445.200000
1084 50445.200000
1085 50445.150000
1086 50434.800000
1087 50424.400000
1088 50398.500000
1089 50388.150000
1090 50377.750000
1091 50382.950000
1092 50367.400000
1093 50372.600000
1094 50372.600000
1095 50372.550000
1096 50367.400000
1097 50362.200000
1098 50351.800000
1099 50351.800000
1100 50356.950000
1101 50351.700000
1102 50351.700000
1103 50362.050000
1104 50362.050000
1105 50362.050000
1106 50367.250000
1107 50372.500000
1108 50372.500000
1109 50372.450000
1110 50372.450000
1111 50382.850000
1112 50388.050000
1113 50382.850000
1114 50382.850000
1115 50377.650000
1116 50388.050000
1117 50382.850000
1118 50388.050000
1119 50398.450000
1120 50393.300000
1121 50393.300000
1122 50388.100000
1123 50393.300000
1124 50393.300000
1125 50393.300000
1126 50388.100000
1127 50382.900000
1128 50377.750000
1129 50377.800000
1130 50372.600000
1131 50372.600000
1132 50351.850000
1133 50351.850000
1134 50346.650000
1135 50320.700000
1136 50320.650000
1137 50305.050000
1138 50299.900000
1139 50325.850000
1140 50320.650000
1141 50294.700000
1142 50305.100000
1143 50315.450000
1144 50305.050000
1145 50299.850000
1146 50289.550000
1147 50284.350000
1148 50289.500000
1149 50284.350000
1150 50273.950000
1151 50274.000000
1152 50279.150000
1153 50279.150000
1154 50279.150000
1155 50289.550000
1156 50273.950000
1157 50273.950000
1158 50268.750000
1159 50253.150000
1160 50247.950000
1161 50248.000000
1162 50232.450000
1163 50232.450000
1164 50216.900000
1165 50216.900000
1166 50211.750000
1167 50206.600000
1168 50201.400000
1169 50196.250000
1170 50185.850000
1171 50180.650000
1172 50159.850000
1173 50149.500000
1174 50128.700000
1175 50123.500000
1176 50123.500000
1177 50107.900000
1178 50102.750000
1179 50102.750000
1180 50092.400000
1181 50082.000000
1182 50082.000000
1183 50082.000000
1184 50061.200000
1185 50071.600000
1186 50066.400000
1187 50056.000000
1188 50045.650000
1189 50040.450000
1190 50045.600000
1191 50040.350000
1192 50050.750000
1193 50040.400000
1194 50019.600000
1195 50019.600000
1196 50019.600000
1197 50004.000000
1198 49993.700000
1199 49988.500000
1200 49978.150000
1201 49957.400000
1202 49952.200000
1203 49952.200000
1204 49926.250000
1205 49921.050000
1206 49915.850000
1207 49900.350000
1208 49895.150000
1209 49879.550000
1210 49874.350000
1211 49869.150000
1212 49864.000000
1213 49843.250000
1214 49843.250000
1215 49822.550000
1216 49817.400000
1217 49791.400000
1218 49781.050000
1219 49770.700000
1220 49765.450000
1221 49765.500000
1222 49775.750000
1223 49744.650000
1224 49744.650000
1225 49744.700000
1226 49739.500000
1227 49729.100000
1228 49729.100000
1229 49744.650000
1230 49729.150000
1231 49718.700000
1232 49713.550000
1233 49703.150000
1234 49698.000000
1235 49687.600000
1236 49708.350000
1237 49703.150000
1238 49703.150000
1239 49698.000000
1240 49672.050000
1241 49661.650000
1242 49656.500000
1243 49651.300000
1244 49646.100000
1245 49625.300000
1246 49614.900000
1247 49599.350000
1248 49604.550000
1249 49594.250000
1250 49599.350000
1251 49599.350000
1252 49594.250000
1253 49568.300000
1254 49563.100000
1255 49552.700000
1256 49537.200000
1257 49542.350000
1258 49531.950000
1259 49526.750000
1260 49505.950000
1261 49485.200000
1262 49469.650000
1263 49464.450000
1264 49443.700000
1265 49433.300000
1266 49428.150000
1267 49428.150000
1268 49412.550000
1269 49422.950000
1270 49396.950000
1271 49376.200000
1272 49365.800000
1273 49365.800000
1274 49365.800000
1275 49360.650000
1276 49350.250000
1277 49334.750000
1278 49313.950000
1279 49303.550000
1280 49298.350000
1281 49298.400000
1282 49282.900000
1283 49282.800000
1284 49287.950000
1285 49267.250000
1286 49267.250000
1287 49262.050000
1288 49267.200000
1289 49256.800000
1290 49246.400000
1291 49241.200000
1292 49230.850000
1293 49236.050000
1294 49236.000000
1295 49225.600000
1296 49220.450000
1297 49204.900000
1298 49204.900000
1299 49199.700000
1300 49184.100000
1301 49189.300000
1302 49184.150000
1303 49152.950000
1304 49137.400000
1305 49132.200000
1306 49132.300000
1307 49106.400000
1308 49116.800000
1309 49101.200000
1310 49080.400000
1311 49085.600000
1312 49090.800000
1313 49090.850000
1314 49096.050000
1315 49064.900000
1316 49038.900000
1317 49038.900000
1318 49038.900000
1319 49038.850000
1320 49018.150000
1321 49018.100000
1322 49002.500000
1323 48986.900000
1324 48976.500000
1325 48955.800000
1326 48955.850000
1327 48950.650000
1328 48935.000000
1329 48924.650000
1330 48903.850000
1331 48893.500000
1332 48893.500000
1333 48872.800000
1334 48872.850000
1335 48852.100000
1336 48836.500000
1337 48831.350000
1338 48836.550000
1339 48815.800000
1340 48810.500000
1341 48826.050000
1342 48800.100000
1343 48805.350000
1344 48794.950000
1345 48789.700000
1346 48789.700000
1347 48774.200000
1348 48768.950000
1349 48768.950000
1350 48758.650000
1351 48753.450000
1352 48743.050000
1353 48732.750000
1354 48701.600000
1355 48691.200000
1356 48670.500000
1357 48660.100000
1358 48660.050000
1359 48649.650000
1360 48634.100000
1361 48618.550000
1362 48623.750000
1363 48608.250000
1364 48597.850000
1365 48582.250000
1366 48571.800000
1367 48577.000000
1368 48566.650000
1369 48561.450000
1370 48551.100000
1371 48551.100000
1372 48551.050000
1373 48530.350000
1374 48546.000000
1375 48551.150000
1376 48556.300000
1377 48545.900000
1378 48556.300000
1379 48535.600000
1380 48535.550000
1381 48519.950000
1382 48519.950000
1383 48514.650000
1384 48509.450000
1385 48488.750000
1386 48467.950000
1387 48452.400000
1388 48452.400000
1389 48442.000000
1390 48442.000000
1391 48426.450000
1392 48431.650000
1393 48426.450000
1394 48410.900000
1395 48416.100000
1396 48405.800000
1397 48395.350000
1398 48385.000000
1399 48369.500000
1400 48338.400000
1401 48338.400000
1402 48322.800000
1403 48307.250000
1404 48302.050000
1405 48302.100000
1406 48281.300000
1407 48281.200000
1408 48270.900000
1409 48260.550000
1410 48234.550000
1411 48239.700000
1412 48250.100000
1413 48244.950000
1414 48239.750000
1415 48255.300000
1416 48250.100000
1417 48244.900000
1418 48219.000000
1419 48203.400000
1420 48193.050000
1421 48198.250000
1422 48198.250000
1423 48187.900000
1424 48182.700000
1425 48172.300000
1426 48167.150000
1427 48162.000000
1428 48151.550000
1429 48130.850000
1430 48120.450000
1431 48104.850000
1432 48115.200000
1433 48104.800000
1434 48084.100000
1435 48089.350000
1436 48073.750000
1437 48068.550000
1438 48037.300000
1439 48037.350000
1440 48026.950000
1441 48021.750000
1442 48021.750000
1443 48032.150000
1444 48032.150000
1445 48021.750000
1446 48026.950000
1447 48021.750000
1448 47995.850000
1449 47980.250000
1450 47975.150000
1451 47964.800000
1452 47954.400000
1453 47949.200000
1454 47944.000000
1455 47949.250000
1456 47949.250000
1457 47944.050000
1458 47928.450000
1459 47933.650000
1460 47912.900000
1461 47923.250000
1462 47918.050000
1463 47886.900000
1464 47871.400000
1465 47866.250000
1466 47871.400000
1467 47861.000000
1468 47840.250000
1469 47824.650000
1470 47824.650000
1471 47809.050000
1472 47814.250000
1473 47798.650000
1474 47803.850000
1475 47803.850000
1476 47793.500000
1477 47783.100000
1478 47772.700000
1479 47772.750000
1480 47767.550000
1481 47736.400000
1482 47731.200000
1483 47715.600000
1484 47710.400000
1485 47700.100000
1486 47705.300000
1487 47694.950000
1488 47684.550000
1489 47684.550000
1490 47674.150000
1491 47658.550000
1492 47637.800000
1493 47632.600000
1494 47637.750000
1495 47648.150000
1496 47637.750000
1497 47642.950000
1498 47653.350000
1499 47648.200000
1500 47637.800000
1501 47637.750000
1502 47596.250000
1503 47565.100000
1504 47565.100000
1505 47528.900000
1506 47523.650000
1507 47497.650000
1508 47482.050000
1509 47445.700000
1510 47414.650000
1511 47399.150000
1512 47388.750000
1513 47378.350000
1514 47378.300000
1515 47341.950000
1516 47300.550000
1517 47264.150000
1518 47222.550000
1519 47186.300000
1520 47144.800000
1521 47098.050000
1522 47041.000000
1523 47004.800000
1524 46963.250000
1525 46942.500000
1526 46921.700000
1527 46906.050000
1528 46864.600000
1529 46812.550000
1530 46807.400000
1531 46776.400000
1532 46724.450000
1533 46688.100000
1534 46651.750000
1535 46610.250000
1536 46610.200000
1537 46584.300000
1538 46522.100000
1539 46496.200000
1540 46439.050000
1541 46371.700000
1542 46350.900000
1543 46314.550000
1544 46283.500000
1545 46257.500000
1546 46236.800000
1547 46195.250000
1548 46158.900000
1549 46148.500000
1550 46122.450000
1551 46096.600000
1552 46050.050000
1553 46013.600000
1554 45977.250000
1555 45951.300000
1556 45904.600000
1557 45868.300000
1558 45821.600000
1559 45790.450000
1560 45759.300000
1561 45722.950000
1562 45722.900000
1563 45702.100000
1564 45665.900000
1565 45619.150000
1566 45572.350000
1567 45551.650000
1568 45499.850000
1569 45479.050000
1570 45432.350000
1571 45375.300000
1572 45302.700000
1573 45281.950000
1574 45266.350000
1575 45224.700000
1576 45177.950000
1577 45167.700000
1578 45126.150000
1579 45074.250000
1580 45012.000000
1581 44970.450000
1582 44908.250000
1583 44892.600000
1584 44845.950000
1585 44788.900000
1586 44747.400000
1587 44695.500000
1588 44659.100000
1589 44659.150000
1590 44560.700000
1591 44560.700000
1592 44519.150000
1593 44493.050000
1594 44461.850000
1595 44456.750000
1596 44435.900000
1597 44404.900000
1598 44327.150000
1599 44296.100000
1600 44270.000000
1601 44244.000000
1602 44223.300000
1603 44202.600000
1604 44145.450000
1605 44093.450000
1606 44057.150000
1607 44020.850000
1608 44031.200000
1609 44010.500000
1610 43943.100000
1611 43927.600000
1612 43927.650000
1613 43865.150000
1614 43839.150000
1615 43792.500000
1616 43771.700000
1617 43766.600000
1618 43714.700000
1619 43683.450000
1620 43647.150000
1621 43584.950000
1622 43564.150000
1623 43538.250000
1624 43486.400000
1625 43413.800000
1626 43372.300000
1627 43361.850000
1628 43315.100000
1629 43284.000000
1630 43190.700000
1631 43123.100000
1632 43076.400000
1633 43066.100000
1634 43024.550000
1635 42998.600000
1636 42962.250000
1637 42905.150000
1638 42858.450000
1639 42842.900000
1640 42806.600000
1641 42739.100000
1642 42661.400000
1643 42661.350000
1644 42604.250000
1645 42567.850000
1646 42541.950000
1647 42510.850000
1648 42469.300000
1649 42396.600000
1650 42391.500000
1651 42344.800000
1652 42323.950000
1653 42313.600000
1654 42308.450000
1655 42308.450000
1656 42266.900000
1657 42220.300000
1658 42157.950000
1659 42111.350000
1660 42126.800000
1661 42090.500000
1662 42074.850000
1663 42002.150000
1664 41976.350000
1665 41919.250000
1666 41882.900000
1667 41882.950000
1668 41851.750000
1669 41799.900000
1670 41753.150000
1671 41706.450000
1672 41675.350000
1673 41644.100000
1674 41613.050000
1675 41587.150000
1676 41576.800000
1677 41514.450000
1678 41467.850000
1679 41379.600000
1680 41348.400000
1681 41306.850000
1682 41275.800000
1683 41223.900000
1684 41187.500000
1685 41182.350000
1686 41145.950000
1687 41114.850000
1688 41031.850000
1689 40974.700000
1690 40928.050000
1691 40896.850000
1692 40865.850000
1693 40860.550000
1694 40813.950000
1695 40798.300000
1696 40741.200000
1697 40694.400000
1698 40616.750000
1699 40569.950000
1700 40538.800000
1701 40518.100000
1702 40507.700000
1703 40435.200000
1704 40398.850000
1705 40383.200000
1706 40326.000000
1707 40237.900000
1708 40237.850000
1709 40196.450000
1710 40134.050000
1711 40061.650000
1712 40014.700000
1713 40030.300000
1714 39994.050000
1715 39942.300000
1716 39921.350000
1717 39879.800000
1718 39822.800000
1719 39739.750000
1720 39667.050000
1721 39646.250000
1722 39641.050000
1723 39630.600000
1724 39599.550000
1725 39594.400000
1726 39563.300000
1727 39521.800000
1728 39511.400000
1729 39438.750000
1730 39397.250000
1731 39319.300000
1732 39257.200000
1733 39226.000000
1734 39194.950000
1735 39101.350000
1736 39049.400000
1737 38987.350000
1738 38935.250000
1739 38842.000000
1740 38842.050000
1741 38790.150000
1742 38733.050000
1743 38707.100000
1744 38650.000000
1745 38644.800000
1746 38603.100000
1747 38566.950000
1748 38473.650000
1749 38437.300000
1750 38375.000000
1751 38291.900000
1752 38245.150000
1753 38214.000000
1754 38188.050000
1755 38162.200000
1756 38094.850000
1757 38100.000000
1758 38042.850000
1759 37990.950000
1760 37928.600000
1761 37861.200000
1762 37830.050000
1763 37793.750000
1764 37715.950000
1765 37695.150000
1766 37669.100000
1767 37617.250000
1768 37565.400000
1769 37503.200000
1770 37435.800000
1771 37399.350000
1772 37300.850000
1773 37280.000000
1774 37233.300000
1775 37165.850000
1776 37139.950000
1777 37077.550000
1778 37010.200000
1779 36979.050000
1780 36927.200000
1781 36932.300000
1782 36890.800000
1783 36864.750000
1784 36818.150000
1785 36787.050000
1786 36740.300000
1787 36693.650000
1788 36641.750000
1789 36579.450000
1790 36522.250000
1791 36465.150000
1792 36434.050000
1793 36387.500000
1794 36371.800000
1795 36299.150000
1796 36242.250000
1797 36138.350000
1798 36122.750000
1799 36086.450000
1800 36070.950000
1801 36008.600000
1802 35977.400000
1803 35946.350000
1804 35884.050000
1805 35821.750000
1806 35764.600000
1807 35686.800000
1808 35629.700000
1809 35567.500000
1810 35515.650000
1811 35468.950000
1812 35422.150000
1813 35375.400000
1814 35313.150000
1815 35266.550000
1816 35214.650000
1817 35235.350000
1818 35147.150000
1819 35121.150000
1820 35074.450000
1821 35038.100000
1822 34960.300000
1823 34960.300000
1824 34924.000000
1825 34835.750000
1826 34757.950000
1827 34705.950000
1828 34622.950000
1829 34617.900000
1830 34540.050000
1831 34519.300000
1832 34415.500000
1833 34347.900000
1834 34321.950000
1835 34254.550000
1836 34197.500000
1837 34171.550000
1838 34119.700000
1839 34078.200000
1840 34026.300000
1841 33906.800000
1842 33860.200000
1843 33772.000000
1844 33730.550000
1845 33678.500000
1846 33626.700000
1847 33569.550000
1848 33522.900000
1849 33444.950000
1850 33419.050000
1851 33413.900000
1852 33403.650000
1853 33356.900000
1854 33258.300000
1855 33180.350000
1856 33154.450000
1857 33081.850000
1858 33055.950000
1859 33019.500000
1860 33024.750000
1861 32972.850000
1862 32931.350000
1863 32869.050000
1864 32843.100000
1865 32801.500000
1866 32723.650000
1867 32702.950000
1868 32661.550000
1869 32588.950000
1870 32531.900000
1871 32464.450000
1872 32417.550000
1873 32350.100000
1874 32303.250000
1875 32272.200000
1876 32241.250000
1877 32173.750000
1878 32132.300000
1879 32064.700000
1880 32012.800000
1881 31940.200000
1882 31919.450000
1883 31878.000000
1884 31784.450000
1885 31722.200000
1886 31711.850000
1887 31691.100000
1888 31665.150000
1889 31623.650000
1890 31576.950000
1891 31488.650000
1892 31478.350000
1893 31379.750000
1894 31343.400000
1895 31301.900000
1896 31244.700000
1897 31166.950000
1898 31115.050000
1899 31120.250000
1900 31047.700000
1901 30995.700000
1902 30943.900000
1903 30912.650000
1904 30860.800000
1905 30845.250000
1906 30824.500000
1907 30788.100000
1908 30746.600000
1909 30689.650000
1910 30632.500000
1911 30554.700000
1912 30513.250000
1913 30497.550000
1914 30440.500000
1915 30372.950000
1916 30295.150000
1917 30232.900000
1918 30134.300000
1919 30113.550000
1920 30020.200000
1921 29978.650000
1922 29921.600000
1923 29869.700000
1924 29828.100000
1925 29786.600000
1926 29734.650000
1927 29693.175000
1928 29610.125000
1929 29553.150000
1930 29511.550000
1931 29485.650000
1932 29402.650000
1933 29309.200000
1934 29273.000000
1935 29246.950000
1936 29195.050000
1937 29143.050000
1938 29101.650000
1939 29018.675000
1940 28971.900000
1941 28925.075000
1942 28862.875000
1943 28810.900000
1944 28754.000000
1945 28676.100000
1946 28624.150000
1947 28582.750000
1948 28499.650000
1949 28432.050000
1950 28416.600000
1951 28369.950000
1952 28292.150000
1953 28219.535000
1954 28177.985000
1955 28141.485000
1956 28084.425000
1957 28032.495000
1958 27985.895000
1959 27882.095000
1960 27856.175000
1961 27840.650000
1962 27783.535000
1963 27773.095000
1964 27731.655000
1965 27617.435000
1966 27550.035000
1967 27487.845000
1968 27487.825000
1969 27435.795000
1970 27358.045000
1971 27321.665000
1972 27269.825000
1973 27176.440000
1974 27114.150000
1975 27108.890000
1976 27005.140000
1977 26963.615000
1978 26932.490000
1979 26859.800000
1980 26766.460000
1981 26693.660000
1982 26688.585000
1983 26662.640000
1984 26579.575000
1985 26501.745000
1986 26403.165000
1987 26371.990000
1988 26309.750000
1989 26268.250000
1990 26200.830000
1991 26117.870000
1992 26050.390000
1993 26019.160000
1994 25977.710000
1995 25936.220000
1996 25827.295000
1997 25780.555000
1998 25728.585000
1999 25655.905000
2000 25650.765000
2001 25624.755000
2002 25593.625000
2003 25557.400000
2004 25479.510000
2005 25432.670000
2006 25412.035000
2007 25329.025000
2008 25282.285000
2009 25235.545000
2010 25183.675000
2011 25126.650000
2012 25100.570000
2013 25001.990000
2014 24929.440000
2015 24887.950000
2016 24836.110000
2017 24763.425000
2018 24711.415000
2019 24685.545000
2020 24664.795000
2021 24612.845000
2022 24597.355000
2023 24488.295000
2024 24374.030000
2025 24332.570000
2026 24275.480000
2027 24218.380000
2028 24125.080000
2029 24057.680000
2030 23984.980000
2031 23927.930000
2032 23875.915000
2033 23803.270000
2034 23699.665000
2035 23632.135000
2036 23611.335000
2037 23564.625000
2038 23538.710000
2039 23507.620000
2040 23491.995000
2041 23455.680000
2042 23424.595000
2043 23336.215000
2044 23253.325000
2045 23206.585000
2046 23164.985000
2047 23076.720000
2048 23061.190000
2049 22978.195000
2050 22967.755000
2051 22874.480000
2052 22833.030000
2053 22786.235000
2054 22739.550000
2055 22718.760000
2056 22635.760000
2057 22537.100000
2058 22474.885000
2059 22402.205000
2060 22381.575000
2061 22345.200000
2062 22282.995000
2063 22225.815000
2064 22184.215000
2065 22132.395000
2066 22054.490000
2067 22044.230000
2068 21919.675000
2069 21867.725000
2070 21831.385000
2071 21800.285000
2072 21732.715000
2073 21665.325000
2074 21644.580000
2075 21603.090000
2076 21540.800000
2077 21519.940000
2078 21447.320000
2079 21421.370000
2080 21374.720000
2081 21338.430000
2082 21255.390000
2083 21193.140000
2084 21120.590000
2085 21058.365000
2086 21011.515000
2087 20959.635000
2088 20938.845000
2089 20933.620000
2090 20855.730000
2091 20746.824000
2092 20674.144000
2093 20648.254000
2094 20601.544000
2095 20544.585000
2096 20492.544000
2097 20456.224500
2098 20409.580000
2099 20378.520000
2100 20321.459500
2101 20274.699000
2102 20217.524000
2103 20144.784500
2104 20082.514500
2105 20056.644000
2106 19984.014500
2107 19947.584000
2108 19885.414000
2109 19885.394500
2110 19802.240000
2111 19766.061000
2112 19688.091000
2113 19657.079500
2114 19600.080000
2115 19574.090000
2116 19475.465000
2117 19397.636000
2118 19324.996000
2119 19236.796000
2120 19195.236500
2121 19153.735000
2122 19070.706000
2123 19044.755000
2124 18982.440000
2125 18966.914500
2126 18904.656000
2127 18852.766000
2128 18769.676000
2129 18769.651000
2130 18717.862000
2131 18712.601500
2132 18681.501500
2133 18665.971000
2134 18603.671000
2135 18463.551500
2136 18437.582000
2137 18447.952000
2138 18338.972000
2139 18333.893000
2140 18307.922000
2141 18266.423000
2142 18250.833000
2143 18188.643500
2144 18121.103500
2145 18058.753500
2146 18027.713500
2147 17991.428500
2148 17949.843500
2149 17872.063500
2150 17783.813500
2151 17737.113500
2152 17617.623500
2153 17576.223500
2154 17488.013500
2155 17436.223000
2156 17363.414500
2157 17342.564500
2158 17332.264500
2159 17295.925000
2160 17228.545000
2161 17145.520000
2162 17119.424500
2163 17062.444500
2164 17057.109500
2165 17031.338000
2166 16958.668500
2167 16896.333500
2168 16834.133000
2169 16745.922000
2170 16730.332000
2171 16704.301500
2172 16657.631500
2173 16616.181500
2174 16564.336500
2175 16517.646500
2176 16439.746500
2177 16372.332000
2178 16335.872000
2179 16304.802000
2180 16237.362000
2181 16211.461500
2182 16154.401500
2183 16092.041000
2184 16050.581000
2185 16003.784500
2186 15936.454500
2187 15894.900000
2188 15863.756000
2189 15811.831000
2190 15728.834500
2191 15692.445000
2192 15671.705000
2193 15573.054500
2194 15536.829000
2195 15495.234000
2196 15438.128000
2197 15386.313500
2198 15329.199500
2199 15282.499500
2200 15241.060000
2201 15256.574000
2202 15158.059000
2203 15100.894500
2204 15080.179500
2205 15012.621000
2206 14965.976000
2207 14914.166000
2208 14893.355000
2209 14810.255000
2210 14805.084000
2211 14794.675000
2212 14732.485000
2213 14696.085500
2214 14639.006500
2215 14602.696000
2216 14566.347000
2217 14550.777000
2218 14488.542000
2219 14431.462000
2220 14353.522000
2221 14286.105500
2222 14254.956500
2223 14208.296500
2224 14161.616500
2225 14146.051500
2226 14140.856500
2227 14057.831500
2228 14000.796000
2229 13990.461000
2230 13902.125000
2231 13845.201000
2232 13808.761000
2233 13793.161000
2234 13725.615000
2235 13684.128000
2236 13658.354000
2237 13595.990000
2238 13523.339000
2239 13492.099000
2240 13409.104000
2241 13362.429500
2242 13326.041000
2243 13300.106000
2244 13222.421000
2245 13196.431500
2246 13149.675000
2247 13118.526000
2248 13082.311000
2249 13019.970000
2250 12994.068500
2251 12942.093500
2252 12853.880500
2253 12843.615000
2254 12817.495500
2255 12770.887000
2256 12703.401000
2257 12672.272000
2258 12620.482000
2259 12599.702000
2260 12501.024000
2261 12480.183000
2262 12454.227500
2263 12428.336000
2264 12402.381000
2265 12417.981000
2266 12376.531500
2267 12303.832500
2268 12226.021000
2269 12163.706000
2270 12117.077500
2271 12085.862500
2272 12018.462500
2273 12002.933000
2274 11945.733500
2275 11904.222500
2276 11826.397500
2277 11816.037500
2278 11727.782500
2279 11686.402500
2280 11660.372500
2281 11598.117000
2282 11520.238000
2283 11494.252000
2284 11421.644000
2285 11380.083000
2286 11312.703500
2287 11260.814000
2288 11245.298500
2289 11172.623500
2290 11141.442000
2291 11115.483000
2292 11053.168000
2293 11027.318000
2294 10970.268000
2295 10907.948500
2296 10871.618000
2297 10788.563000
2298 10757.464000
2299 10721.134000
2300 10710.754000
2301 10643.244500
2302 10581.064500
2303 10513.574500
2304 10492.808000
2305 10482.418000
2306 10430.564500
2307 10420.173500
2308 10352.679500
2309 10342.214500
2310 10311.044500
2311 10222.869500
2312 10191.735500
2313 10129.575500
2314 10108.876000
2315 10036.166500
2316 10030.970500
2317 9963.461500
2318 9895.988000
2319 9875.252500
2320 9797.399000
2321 9766.247000
2322 9729.971500
2323 9693.576500
2324 9672.851000
2325 9641.720000
2326 9589.799000
2327 9563.859000
2328 9553.509000
2329 9501.693000
2330 9449.808000
2331 9377.137500
2332 9335.532500
2333 9299.273000
2334 9273.323500
2335 9231.799500
2336 9190.230000
2337 9169.475000
2338 9143.575000
2339 9060.460000
2340 9044.965000
2341 8993.083000
2342 8961.937500
2343 8904.860500
2344 8847.802000
2345 8806.226000
2346 8806.232500
2347 8775.140500
2348 8723.170500
2349 8666.175500
2350 8614.212000
2351 8562.341500
2352 8536.391000
2353 8526.061500
2354 8489.681500
2355 8443.013500
2356 8411.839500
2357 8354.805000
2358 8349.649500
2359 8287.319000
2360 8225.028500
2361 8230.222500
2362 8157.558500
2363 8167.957500
2364 8131.639500
2365 8090.100000
2366 8084.950000
2367 8022.695000
2368 7970.775000
2369 7934.405000
2370 7887.679000
2371 7851.451500
2372 7809.879500
2373 7773.571000
2374 7726.862000
2375 7690.502000
2376 7669.842000
2377 7628.292500
2378 7586.792500
2379 7545.268000
2380 7529.666500
2381 7493.312500
2382 7482.892000
2383 7514.102000
2384 7425.918000
2385 7410.358000
2386 7394.768000
2387 7316.898000
2388 7244.277000
2389 7228.751500
2390 7207.933500
2391 7166.378500
2392 7109.318000
2393 7072.961500
2394 7015.917000
2395 7015.926000
2396 6995.150500
2397 6948.437500
2398 6917.376500
2399 6881.029500
2400 6855.064000
2401 6808.402000
2402 6797.997500
2403 6777.248000
2404 6787.604500
2405 6746.105000
2406 6720.152500
2407 6704.558000
2408 6673.435500
2409 6637.150500
2410 6595.682500
2411 6569.694000
2412 6528.117000
2413 6507.379500
2414 6445.135000
2415 6439.897500
2416 6471.066000
2417 6455.539500
2418 6388.036500
2419 6356.905500
2420 6325.791000
2421 6315.388500
2422 6310.201000
2423 6284.304000
2424 6273.908500
2425 6253.124500
2426 6206.425000
2427 6201.248500
2428 6180.463500
2429 6164.893000
2430 6118.159500
2431 6102.619000
2432 6102.614500
2433 6061.091000
2434 6055.964000
2435 6014.374500
2436 5998.879500
2437 5920.965000
2438 5858.676500
2439 5863.890000
2440 5853.529000
2441 5832.758500
2442 5858.725500
2443 5817.156000
2444 5811.965500
2445 5811.989500
2446 5785.990000
2447 5734.202000
2448 5734.161500
2449 5713.393000
2450 5656.354000
2451 5656.338000
2452 5630.387000
2453 5604.451500
2454 5599.262000
2455 5552.508000
2456 5516.190500
2457 5485.060500
2458 5453.951500
2459 5490.239500
2460 5479.924000
2461 5459.169500
2462 5433.249000
2463 5428.079000
2464 5391.663000
2465 5339.782500
2466 5319.052500
2467 5324.231500
2468 5287.896500
2469 5246.372500
2470 5241.176500
2471 5220.422000
2472 5158.184500
2473 5126.994000
2474 5095.914000
2475 5106.242500
2476 5069.923000
2477 5049.215000
2478 5028.447500
2479 5007.703000
2480 4997.318000
2481 4981.773500
2482 4950.565000
2483 4903.913500
2484 4857.222500
2485 4810.529500
2486 4815.694000
2487 4800.104000
2488 4774.212500
2489 4758.606500
2490 4717.089000
2491 4691.153500
2492 4675.573000
2493 4659.984000
2494 4634.005000
2495 4618.470000
2496 4582.153500
2497 4550.979000
2498 4561.353500
2499 4519.825000
2500 4509.479000
2501 4483.469500
2502 4457.583500
2503 4442.032500
2504 4421.268500
2505 4410.868500
2506 4426.457500
2507 4369.444500
2508 4369.375000
2509 4353.869500
2510 4307.145000
2511 4291.523500
2512 4260.374000
2513 4265.613000
2514 4213.780000
2515 4177.371000
2516 4146.210000
2517 4120.299000
2518 4094.330000
2519 4099.530000
2520 4109.907500
2521 4078.806000
2522 4047.702000
2523 4016.540500
2524 4016.509500
2525 3985.375500
2526 3975.030500
2527 3959.442500
2528 3928.271000
2529 3907.495000
2530 3866.008500
2531 3850.428500
2532 3881.563000
2533 3860.844500
2534 3814.179500
2535 3777.847500
2536 3808.983000
2537 3772.634000
2538 3746.644000
2539 3757.047500
2540 3736.266000
2541 3710.311000
2542 3674.001500
2543 3658.463000
2544 3658.414000
2545 3648.034000
2546 3632.483000
2547 3632.528500
2548 3585.810000
2549 3554.721500
2550 3533.930000
2551 3549.504500
2552 3513.146000
2553 3482.003500
2554 3440.480000
2555 3435.322000
2556 3414.583000
2557 3378.222500
2558 3352.302500
2559 3321.159000
2560 3295.191500
2561 3300.391000
2562 3284.800500
2563 3279.609500
2564 3253.700000
2565 3232.980500
2566 3222.561000
2567 3232.896500
2568 3212.137500
2569 3181.040000
2570 3170.683000
2571 3139.540500
2572 3139.544500
2573 3098.036000
2574 3082.450000
2575 3025.402500
2576 2989.058000
2577 2978.663500
2578 2937.167000
2579 2942.331000
2580 2911.189000
2581 2900.848000
2582 2885.282500
2583 2895.651000
2584 2843.731500
2585 2807.395000
2586 2797.055000
2587 2771.106000
2588 2765.916500
2589 2771.105000
2590 2734.756000
2591 2734.784500
2592 2724.407500
2593 2688.082500
2594 2667.323000
2595 2667.313500
2596 2656.940000
2597 2641.349000
2598 2651.729000
2599 2610.209500
2600 2599.830500
2601 2605.024000
2602 2594.644500
2603 2563.536000
2604 2553.146500
2605 2522.025500
2606 2511.644500
2607 2506.440000
2608 2490.870000
2609 2475.295000
2610 2459.754500
2611 2444.186000
2612 2423.418500
2613 2433.809000
2614 2423.403000
2615 2407.838000
2616 2438.990500
2617 2392.284000
2618 2376.716500
2619 2345.557500
2620 2340.353000
2621 2355.922000
2622 2340.351500
2623 2345.581000
2624 2330.015500
2625 2293.692500
2626 2252.158500
2627 2252.157500
2628 2221.049500
2629 2205.458500
2630 2215.838500
2631 2215.836500
2632 2210.646000
2633 2189.876000
2634 2169.145000
2635 2174.324500
2636 2158.748000
2637 2137.988000
2638 2132.797500
2639 2122.402000
2640 2112.039500
2641 2070.530000
2642 2060.151500
2643 2023.828500
2644 2029.018500
2645 2003.069500
2646 2003.069500
2647 1997.880500
2648 1997.883000
2649 1987.507000
2650 1971.937500
2651 1966.745000
2652 1982.315500
2653 1951.175500
2654 1899.284000
2655 1909.668000
2656 1894.098500
2657 1873.339500
2658 1873.337500
2659 1873.337500
2660 1837.013000
2661 1821.445500
2662 1800.692500
2663 1769.557000
2664 1759.177000
2665 1743.613500
2666 1743.613000
2667 1748.802000
2668 1728.039500
2669 1712.470000
2670 1707.285000
2671 1686.526500
2672 1691.718500
2673 1696.907500
2674 1691.717000
2675 1655.393000
2676 1639.823500
2677 1634.632000
2678 1634.636000
2679 1608.686000
2680 1603.501000
2681 1598.309000
2682 1582.742500
2683 1603.499500
2684 1593.120000
2685 1556.792500
2686 1556.793500
2687 1551.602000
2688 1525.658000
2689 1515.284000
2690 1494.523500
2691 1494.517500
2692 1494.527000
2693 1489.335500
2694 1478.956000
2695 1468.576000
2696 1447.815000
2697 1447.814500
2698 1427.057000
2699 1421.871000
2700 1406.302000
2701 1406.302000
2702 1385.543500
2703 1380.353000
2704 1369.971500
2705 1354.407000
2706 1338.837500
2707 1323.273000
2708 1297.323500
2709 1307.702000
2710 1286.953500
2711 1271.385000
2712 1250.627000
2713 1255.817000
2714 1240.242000
2715 1219.489500
2716 1229.867500
2717 1214.299000
2718 1193.538000
2719 1183.158000
2720 1183.158000
2721 1172.788000
2722 1146.839000
2723 1146.838000
2724 1146.836500
2725 1136.456500
2726 1120.887500
2727 1094.943000
2728 1084.562000
2729 1094.940500
2730 1063.805500
2731 1058.615000
2732 1048.236000
2733 1043.047000
2734 1032.668500
2735 1027.477500
2736 1022.287500
2737 1022.292500
2738 1022.297500
2739 1027.484500
2740 1011.914500
2741 1017.106000
2742 1006.727500
2743 980.778500
2744 980.778000
2745 960.025000
2746 944.457000
2747 934.076000
2748 923.697500
2749 908.134000
2750 913.323500
2751 892.564500
2752 897.755500
2753 897.750500
2754 892.560000
2755 887.370500
2756 892.559500
2757 887.374500
2758 887.369500
2759 876.990500
2760 876.990000
2761 882.180500
2762 866.617000
2763 856.236000
2764 851.046000
2765 851.046000
2766 851.044000
2767 835.474500
2768 830.285000
2769 825.095000
2770 814.725000
2771 814.720500
2772 809.531500
2773 809.531000
2774 799.152500
2775 793.963000
2776 809.532500
2777 825.100500
2778 830.289500
2779 814.720000
2780 804.340000
2781 799.150500
2782 804.345000
2783 804.344000
2784 788.775500
2785 809.532000
2786 788.774000
2787 778.394500
2788 768.018500
2789 762.828000
2790 752.447500
2791 757.638000
2792 736.880000
2793 742.069500
2794 742.069500
2795 736.879000
2796 747.262500
2797 742.072500
2798 742.072500
2799 726.502500
2800 726.501000
2801 721.310500
2802 695.368500
2803 700.557500
2804 684.984000
2805 664.230500
2806 674.609500
2807 659.040000
2808 653.855500
2809 643.475500
2810 633.095500
2811 648.663500
2812 648.662500
2813 659.040500
2814 653.850000
2815 648.661500
2816 638.282500
2817 627.911000
2818 633.096000
2819 638.285500
2820 633.096000
2821 622.718000
2822 617.533500
2823 607.149500
2824 607.149500
2825 601.959500
2826 607.150000
2827 591.581500
2828 581.203000
2829 586.392000
2830 576.012500
2831 550.064000
2832 539.686000
2833 534.495000
2834 544.874500
2835 555.252500
2836 555.252000
2837 534.497500
2838 544.871500
2839 539.686500
2840 529.312500
2841 534.500000
2842 518.936000
2843 518.935000
2844 518.931000
2845 513.742000
2846 513.742000
2847 498.174000
2848 498.174000
2849 482.606000
2850 472.231500
2851 477.421000
2852 482.611000
2853 482.611000
2854 482.610500
2855 472.231500
2856 461.852000
2857 451.473000
2858 461.852000
2859 472.230500
2860 456.661500
2861 467.040500
2862 472.229500
2863 456.662000
2864 456.662000
2865 456.662000
2866 456.660500
2867 446.281500
2868 446.282500
2869 467.040000
2870 467.039500
2871 451.470500
2872 441.092000
2873 441.092500
2874 446.282000
2875 425.525000
2876 420.335000
2877 415.145000
2878 415.145000
2879 409.955000
2880 399.575500
2881 409.954000
2882 404.764500
2883 384.006500
2884 384.007000
2885 389.196000
2886 373.628000
2887 384.007000
2888 373.632500
2889 384.011500
2890 384.011000
2891 378.822000
2892 373.632500
2893 363.253500
2894 363.253000
2895 363.253000
2896 363.253000
2897 368.442000
2898 363.252500
2899 363.252500
2900 363.252000
2901 368.442000
2902 373.632000
2903 368.442500
2904 368.442500
2905 368.442500
2906 363.253000
2907 363.252000
2908 352.873000
2909 358.062500
2910 347.684000
2911 347.684000
2912 332.119500
2913 337.308500
2914 342.497500
2915 337.308500
2916 347.687500
2917 347.687500
2918 352.876500
2919 342.497500
2920 326.929000
2921 321.739000
2922 316.549000
2923 300.980500
2924 300.980000
2925 300.980000
2926 300.980000
2927 290.601500
2928 285.412000
2929 285.412000
2930 280.222500
2931 285.412500
2932 285.411000
2933 285.410500
2934 280.222500
2935 275.033500
2936 269.843500
2937 264.653500
2938 254.275500
2939 249.086000
2940 249.085500
2941 238.706500
2942 238.711000
2943 233.522000
2944 228.332000
2945 217.952500
2946 217.951500
2947 212.761500
2948 207.572500
2949 197.193500
2950 202.381500
2951 202.381500
2952 197.192000
2953 197.192500
2954 197.192000
2955 192.002000
2956 197.191500
2957 192.002000
2958 186.813000
2959 181.628000
2960 181.628000
2961 181.628000
2962 176.438500
2963 155.681000
2964 155.681000
2965 160.870000
2966 166.059500
2967 176.438000
2968 176.438000
2969 181.623000
2970 171.244000
2971 166.059500
2972 171.249000
2973 160.870000
2974 166.059500
2975 160.869500
2976 166.058500
2977 171.248000
2978 166.057000
2979 160.868000
2980 145.300000
2981 145.300000
2982 140.115000
2983 145.304000
2984 140.114500
2985 140.114500
2986 145.303500
2987 150.493000
2988 155.682500
2989 160.872000
2990 160.872000
2991 155.682500
2992 155.682500
2993 160.871500
2994 171.250000
2995 155.682000
2996 150.491000
2997 150.491500
2998 145.302000
2999 145.301500
