50

0
0
1.100000
1.900000
0.016000

1
1
1.100000
1.700000
0.016000

2
2
1.100000
1.500000
0.016000

3
3
1.100000
1.300000
0.016000

4
4
1.100000
1.100000
0.016000

0
5
1.300000
1.900000
0.016000

1
6
1.300000
1.700000
0.016000

2
7
1.300000
1.500000
0.016000

3
8
1.300000
1.300000
0.016000

4
9
1.300000
1.100000
0.016000

0
10
1.500000
1.900000
0.016000

1
11
1.500000
1.700000
0.016000

2
12
1.500000
1.500000
0.016000

3
13
1.500000
1.300000
0.016000

4
14
1.500000
1.100000
0.016000

0
15
1.700000
1.900000
0.016000

1
16
1.700000
1.700000
0.016000

2
17
1.700000
1.500000
0.016000

3
18
1.700000
1.300000
0.016000

4
19
1.700000
1.100000
0.016000

0
20
1.900000
1.900000
0.016000

1
21
1.900000
1.700000
0.016000

2
22
1.900000
1.500000
0.016000

3
23
1.900000
1.300000
0.016000

4
24
1.900000
1.100000
0.016000

0
25
2.100000
1.900000
0.016000

1
26
2.100000
1.700000
0.016000

2
27
2.100000
1.500000
0.016000

3
28
2.100000
1.300000
0.016000

4
29
2.100000
1.100000
0.016000

0
30
2.300000
1.900000
0.016000

1
31
2.300000
1.700000
0.016000

2
32
2.300000
1.500000
0.016000

3
33
2.300000
1.300000
0.016000

4
34
2.300000
1.100000
0.016000

0
35
2.500000
1.900000
0.016000

1
36
2.500000
1.700000
0.016000

2
37
2.500000
1.500000
0.016000

3
38
2.500000
1.300000
0.016000

4
39
2.500000
1.100000
0.016000

0
40
2.700000
1.900000
0.016000

1
41
2.700000
1.700000
0.016000

2
42
2.700000
1.500000
0.016000

3
43
2.700000
1.300000
0.016000

4
44
2.700000
1.100000
0.016000

0
45
2.900000
1.900000
0.016000

1
46
2.900000
1.700000
0.016000

2
47
2.900000
1.500000
0.016000

3
48
2.900000
1.300000
0.016000

4
49
2.900000
1.100000
0.016000

