0 59993.200000
1 59729.050000
2 59459.050000
3 59277.500000
4 59101.100000
5 58986.950000
6 58888.250000
7 58794.950000
8 58717.050000
9 58649.600000
10 58545.800000
11 58452.500000
12 58338.200000
13 58260.300000
14 58161.700000
15 58073.550000
16 58016.450000
17 57938.500000
18 57840.050000
19 57798.600000
20 57720.700000
21 57668.800000
22 57616.900000
23 57570.250000
24 57544.200000
25 57455.950000
26 57461.150000
27 57430.000000
28 57357.400000
29 57279.550000
30 57227.650000
31 57206.900000
32 57180.950000
33 57165.350000
34 57118.600000
35 57118.700000
36 57118.650000
37 57030.500000
38 57004.550000
39 56973.350000
40 56973.400000
41 56942.350000
42 56926.650000
43 56905.950000
44 56895.500000
45 56848.850000
46 56817.850000
47 56786.650000
48 56791.800000
49 56750.250000
50 56719.100000
51 56724.250000
52 56755.450000
53 56760.600000
54 56776.200000
55 56791.750000
56 56802.100000
57 56791.850000
58 56791.750000
59 56802.150000
60 56802.150000
61 56807.300000
62 56796.900000
63 56760.550000
64 56765.750000
65 56755.400000
66 56771.000000
67 56771.050000
68 56734.650000
69 56729.400000
70 56729.400000
71 56724.250000
72 56734.600000
73 56750.250000
74 56745.000000
75 56745.150000
76 56755.500000
77 56750.250000
78 56745.050000
79 56771.050000
80 56745.150000
81 56739.850000
82 56708.800000
83 56724.350000
84 56713.950000
85 56682.750000
86 56662.050000
87 56667.150000
88 56672.300000
89 56677.500000
90 56693.100000
91 56687.950000
92 56698.350000
93 56687.900000
94 56672.400000
95 56672.400000
96 56641.300000
97 56625.700000
98 56636.150000
99 56656.950000
100 56646.500000
101 56641.350000
102 56646.550000
103 56672.400000
104 56661.950000
105 56651.650000
106 56662.000000
107 56651.650000
108 56646.500000
109 56646.450000
110 56646.500000
111 56636.100000
112 56646.550000
113 56656.900000
114 56625.750000
115 56646.500000
116 56651.750000
117 56636.150000
118 56631.000000
119 56620.600000
120 56605.000000
121 56599.750000
122 56594.650000
123 56594.650000
124 56599.800000
125 56589.400000
126 56589.400000
127 56589.400000
128 56568.600000
129 56558.250000
130 56527.100000
131 56532.350000
132 56532.350000
133 56547.900000
134 56547.950000
135 56542.750000
136 56537.550000
137 56537.450000
138 56521.850000
139 56516.700000
140 56506.350000
141 56501.200000
142 56490.850000
143 56485.600000
144 56485.650000
145 56480.500000
146 56480.500000
147 56470.100000
148 56449.300000
149 56433.800000
150 56428.550000
151 56407.800000
152 56413.000000
153 56392.250000
154 56366.350000
155 56361.150000
156 56340.350000
157 56340.350000
158 56340.350000
159 56345.500000
160 56350.700000
161 56314.400000
162 56298.800000
163 56288.400000
164 56314.350000
165 56309.150000
166 56309.150000
167 56303.900000
168 56288.550000
169 56273.000000
170 56288.500000
171 56288.500000
172 56278.150000
173 56273.000000
174 56241.800000
175 56236.600000
176 56221.050000
177 56215.850000
178 56210.600000
179 56210.600000
180 56220.950000
181 56220.950000
182 56205.350000
183 56194.950000
184 56205.350000
185 56189.750000
186 56189.750000
187 56163.800000
188 56153.400000
189 56148.250000
190 56148.250000
191 56143.050000
192 56143.050000
193 56132.700000
194 56117.150000
195 56096.350000
196 56086.000000
197 56054.900000
198 56044.500000
199 56039.300000
200 56039.300000
201 56034.100000
202 56028.950000
203 56023.750000
204 56018.650000
205 56013.500000
206 56029.000000
207 56008.250000
208 56003.100000
209 55997.800000
210 55992.600000
211 55992.600000
212 55977.000000
213 55961.500000
214 55951.150000
215 55940.750000
216 55920.000000
217 55904.400000
218 55888.850000
219 55888.850000
220 55888.850000
221 55868.100000
222 55878.450000
223 55883.650000
224 55883.650000
225 55857.700000
226 55847.350000
227 55852.550000
228 55852.500000
229 55867.950000
230 55852.400000
231 55847.200000
232 55852.400000
233 55847.150000
234 55842.000000
235 55826.500000
236 55826.500000
237 55821.300000
238 55821.300000
239 55826.500000
240 55810.950000
241 55816.100000
242 55816.100000
243 55810.900000
244 55805.700000
245 55805.700000
246 55805.750000
247 55805.650000
248 55805.650000
249 55790.100000
250 55790.150000
251 55779.750000
252 55784.900000
253 55779.800000
254 55759.050000
255 55764.150000
256 55753.800000
257 55733.100000
258 55727.900000
259 55738.250000
260 55738.250000
261 55748.650000
262 55759.050000
263 55743.500000
264 55743.500000
265 55733.150000
266 55738.350000
267 55733.150000
268 55722.700000
269 55707.100000
270 55701.900000
271 55701.950000
272 55696.800000
273 55681.250000
274 55650.100000
275 55660.500000
276 55655.300000
277 55655.300000
278 55655.350000
279 55650.150000
280 55629.400000
281 55624.200000
282 55619.000000
283 55603.450000
284 55577.550000
285 55561.950000
286 55572.350000
287 55567.150000
288 55556.750000
289 55546.350000
290 55535.950000
291 55541.100000
292 55541.100000
293 55530.700000
294 55530.750000
295 55535.900000
296 55515.100000
297 55509.950000
298 55504.750000
299 55509.950000
300 55504.750000
301 55489.250000
302 55494.450000
303 55478.850000
304 55452.900000
305 55447.800000
306 55447.800000
307 55432.150000
308 55416.550000
309 55406.200000
310 55401.000000
311 55390.600000
312 55395.800000
313 55375.050000
314 55401.000000
315 55406.200000
316 55416.600000
317 55406.250000
318 55411.350000
319 55400.950000
320 55400.950000
321 55400.950000
322 55395.750000
323 55385.350000
324 55385.350000
325 55364.600000
326 55354.200000
327 55354.200000
328 55359.400000
329 55354.250000
330 55338.750000
331 55323.200000
332 55328.400000
333 55328.400000
334 55307.700000
335 55287.000000
336 55281.750000
337 55271.300000
338 55281.650000
339 55276.500000
340 55266.000000
341 55245.250000
342 55229.750000
343 55224.550000
344 55214.200000
345 55203.800000
346 55214.150000
347 55198.600000
348 55198.600000
349 55188.200000
350 55188.300000
351 55188.250000
352 55177.850000
353 55177.800000
354 55177.800000
355 55183.000000
356 55188.150000
357 55177.750000
358 55167.350000
359 55162.150000
360 55162.150000
361 55167.350000
362 55151.850000
363 55146.650000
364 55162.300000
365 55151.900000
366 55136.350000
367 55115.550000
368 55110.350000
369 55099.900000
370 55110.250000
371 55089.550000
372 55084.400000
373 55105.100000
374 55105.100000
375 55099.950000
376 55099.950000
377 55100.000000
378 55094.850000
379 55089.650000
380 55074.050000
381 55084.450000
382 55079.300000
383 55084.450000
384 55074.050000
385 55063.700000
386 55063.650000
387 55058.550000
388 55063.700000
389 55058.500000
390 55063.700000
391 55053.350000
392 55048.150000
393 55048.150000
394 55027.400000
395 55027.400000
396 55022.200000
397 55006.600000
398 54996.250000
399 55001.450000
400 54996.300000
401 55001.500000
402 54996.300000
403 54991.100000
404 54991.100000
405 54980.700000
406 54975.550000
407 54980.650000
408 54980.650000
409 54975.500000
410 54965.100000
411 54975.500000
412 54959.900000
413 54959.900000
414 54949.500000
415 54944.300000
416 54939.200000
417 54939.150000
418 54944.350000
419 54944.350000
420 54939.150000
421 54934.000000
422 54928.800000
423 54923.600000
424 54918.400000
425 54913.200000
426 54913.200000
427 54897.650000
428 54876.900000
429 54866.600000
430 54861.400000
431 54856.250000
432 54840.650000
433 54835.450000
434 54835.450000
435 54835.450000
436 54830.250000
437 54835.400000
438 54825.050000
439 54825.000000
440 54830.250000
441 54819.850000
442 54809.450000
443 54799.050000
444 54804.250000
445 54793.850000
446 54783.450000
447 54773.100000
448 54762.700000
449 54757.450000
450 54752.250000
451 54757.450000
452 54747.100000
453 54731.550000
454 54715.950000
455 54700.350000
456 54690.000000
457 54690.000000
458 54664.050000
459 54643.400000
460 54638.200000
461 54633.000000
462 54627.850000
463 54627.800000
464 54612.200000
465 54617.400000
466 54612.200000
467 54607.000000
468 54591.400000
469 54570.600000
470 54570.700000
471 54565.500000
472 54560.300000
473 54555.150000
474 54544.800000
475 54529.200000
476 54544.800000
477 54555.150000
478 54570.700000
479 54570.650000
480 54570.650000
481 54555.100000
482 54549.850000
483 54549.850000
484 54534.250000
485 54523.900000
486 54534.300000
487 54539.500000
488 54524.050000
489 54513.600000
490 54508.400000
491 54503.200000
492 54487.600000
493 54482.450000
494 54477.300000
495 54461.750000
496 54461.750000
497 54456.550000
498 54456.600000
499 54451.400000
500 54441.000000
501 54430.600000
502 54451.400000
503 54441.000000
504 54425.500000
505 54420.300000
506 54415.100000
507 54389.200000
508 54404.650000
509 54399.450000
510 54399.450000
511 54399.500000
512 54409.900000
513 54399.550000
514 54389.100000
515 54378.750000
516 54378.750000
517 54373.550000
518 54352.750000
519 54352.800000
520 54357.950000
521 54342.400000
522 54368.350000
523 54373.500000
524 54363.150000
525 54347.550000
526 54363.150000
527 54368.350000
528 54363.150000
529 54363.150000
530 54368.300000
531 54357.900000
532 54368.300000
533 54368.350000
534 54383.850000
535 54378.650000
536 54378.650000
537 54373.500000
538 54373.550000
539 54363.150000
540 54363.150000
541 54352.800000
542 54358.000000
543 54357.950000
544 54352.800000
545 54342.400000
546 54342.400000
547 54347.600000
548 54352.750000
549 54342.350000
550 54326.800000
551 54326.800000
552 54326.750000
553 54337.150000
554 54311.250000
555 54311.250000
556 54311.250000
557 54280.200000
558 54290.550000
559 54285.350000
560 54285.350000
561 54280.150000
562 54274.950000
563 54280.150000
564 54274.950000
565 54274.950000
566 54269.850000
567 54249.150000
568 54238.800000
569 54228.450000
570 54228.400000
571 54218.050000
572 54218.050000
573 54218.050000
574 54212.850000
575 54202.450000
576 54202.450000
577 54181.700000
578 54181.650000
579 54191.950000
580 54192.000000
581 54191.950000
582 54181.600000
583 54176.400000
584 54186.800000
585 54176.450000
586 54176.450000
587 54181.650000
588 54176.400000
589 54181.600000
590 54181.550000
591 54181.550000
592 54171.150000
593 54171.150000
594 54155.600000
595 54160.800000
596 54155.550000
597 54150.400000
598 54150.400000
599 54140.000000
600 54124.500000
601 54124.500000
602 54119.300000
603 54114.100000
604 54108.900000
605 54098.550000
606 54093.300000
607 54088.100000
608 54088.150000
609 54083.050000
610 54088.200000
611 54067.400000
612 54072.550000
613 54056.950000
614 54051.800000
615 54041.400000
616 54015.450000
617 54010.300000
618 54010.350000
619 53989.650000
620 53979.250000
621 53963.650000
622 53963.650000
623 53942.850000
624 53937.650000
625 53927.200000
626 53922.050000
627 53911.750000
628 53901.350000
629 53901.350000
630 53901.350000
631 53890.900000
632 53880.500000
633 53844.150000
634 53833.800000
635 53828.650000
636 53813.000000
637 53787.050000
638 53771.450000
639 53766.400000
640 53750.800000
641 53745.600000
642 53730.050000
643 53709.250000
644 53693.650000
645 53688.500000
646 53678.100000
647 53683.300000
648 53667.700000
649 53667.750000
650 53678.200000
651 53693.800000
652 53683.500000
653 53667.900000
654 53647.150000
655 53647.150000
656 53641.900000
657 53641.900000
658 53626.300000
659 53605.550000
660 53610.800000
661 53605.600000
662 53590.050000
663 53564.100000
664 53553.650000
665 53548.500000
666 53512.100000
667 53506.950000
668 53506.950000
669 53512.150000
670 53491.350000
671 53465.350000
672 53460.150000
673 53455.000000
674 53444.650000
675 53429.050000
676 53418.650000
677 53403.050000
678 53392.700000
679 53366.800000
680 53356.500000
681 53356.500000
682 53335.700000
683 53346.100000
684 53340.900000
685 53325.400000
686 53309.800000
687 53304.600000
688 53294.200000
689 53278.650000
690 53273.500000
691 53273.500000
692 53247.500000
693 53252.700000
694 53257.850000
695 53242.300000
696 53237.100000
697 53221.550000
698 53231.900000
699 53226.750000
700 53226.750000
701 53216.400000
702 53206.000000
703 53190.400000
704 53159.250000
705 53148.900000
706 53138.550000
707 53143.750000
708 53128.150000
709 53128.150000
710 53117.750000
711 53107.350000
712 53102.150000
713 53086.550000
714 53081.400000
715 53065.850000
716 53055.450000
717 53039.900000
718 53014.000000
719 53008.750000
720 52977.600000
721 52951.650000
722 52936.150000
723 52925.800000
724 52910.250000
725 52879.050000
726 52868.650000
727 52847.900000
728 52822.000000
729 52816.850000
730 52822.000000
731 52796.100000
732 52790.900000
733 52806.500000
734 52790.900000
735 52770.100000
736 52764.950000
737 52739.000000
738 52707.850000
739 52676.700000
740 52666.250000
741 52655.900000
742 52650.650000
743 52629.900000
744 52635.100000
745 52629.900000
746 52614.300000
747 52609.100000
748 52593.500000
749 52567.550000
750 52557.250000
751 52536.500000
752 52536.450000
753 52510.550000
754 52505.400000
755 52479.450000
756 52474.200000
757 52443.000000
758 52432.650000
759 52401.550000
760 52385.950000
761 52365.250000
762 52349.650000
763 52339.250000
764 52344.500000
765 52328.900000
766 52318.500000
767 52297.750000
768 52282.250000
769 52277.100000
770 52277.100000
771 52261.550000
772 52246.000000
773 52256.350000
774 52209.600000
775 52204.400000
776 52194.000000
777 52162.800000
778 52162.900000
779 52126.600000
780 52105.850000
781 52105.800000
782 52105.700000
783 52085.000000
784 52079.800000
785 52059.050000
786 52053.850000
787 52022.750000
788 52007.150000
789 51996.750000
790 51970.800000
791 51955.250000
792 51929.450000
793 51898.300000
794 51887.900000
795 51872.400000
796 51851.650000
797 51815.200000
798 51799.700000
799 51778.950000
800 51752.950000
801 51737.300000
802 51727.050000
803 51695.900000
804 51669.950000
805 51643.950000
806 51612.850000
807 51612.900000
808 51586.900000
809 51581.750000
810 51561.000000
811 51550.650000
812 51555.850000
813 51555.850000
814 51524.700000
815 51519.450000
816 51488.400000
817 51462.400000
818 51462.450000
819 51452.000000
820 51415.700000
821 51400.100000
822 51415.700000
823 51405.350000
824 51400.250000
825 51358.700000
826 51332.750000
827 51332.700000
828 51317.150000
829 51286.000000
830 51270.350000
831 51254.800000
832 51223.650000
833 51218.450000
834 51213.250000
835 51182.100000
836 51161.350000
837 51140.650000
838 51125.100000
839 51104.350000
840 51078.400000
841 51068.000000
842 51052.450000
843 51057.650000
844 51047.300000
845 51005.750000
846 50990.150000
847 50943.450000
848 50927.850000
849 50896.750000
850 50891.550000
851 50855.250000
852 50834.400000
853 50798.100000
854 50782.550000
855 50756.650000
856 50761.900000
857 50751.450000
858 50715.100000
859 50683.950000
860 50694.250000
861 50647.600000
862 50606.050000
863 50600.800000
864 50595.600000
865 50590.500000
866 50533.400000
867 50523.000000
868 50512.550000
869 50497.000000
870 50460.750000
871 50424.450000
872 50424.450000
873 50388.150000
874 50320.800000
875 50305.300000
876 50279.300000
877 50248.050000
878 50237.700000
879 50222.100000
880 50201.350000
881 50206.500000
882 50185.700000
883 50159.850000
884 50144.200000
885 50107.950000
886 50092.400000
887 50082.000000
888 50061.200000
889 50040.400000
890 49998.950000
891 49983.300000
892 49952.250000
893 49910.750000
894 49905.650000
895 49905.700000
896 49900.450000
897 49879.750000
898 49864.100000
899 49843.350000
900 49817.350000
901 49806.900000
902 49796.600000
903 49791.400000
904 49755.100000
905 49739.500000
906 49692.650000
907 49671.950000
908 49682.350000
909 49651.350000
910 49651.400000
911 49656.550000
912 49630.500000
913 49609.800000
914 49583.900000
915 49521.550000
916 49500.750000
917 49490.350000
918 49490.350000
919 49479.950000
920 49469.600000
921 49428.000000
922 49412.500000
923 49396.950000
924 49360.600000
925 49370.950000
926 49371.000000
927 49350.350000
928 49303.600000
929 49272.500000
930 49251.750000
931 49236.100000
932 49204.950000
933 49199.800000
934 49158.200000
935 49158.250000
936 49121.950000
937 49132.350000
938 49116.700000
939 49106.350000
940 49085.600000
941 49054.500000
942 49028.600000
943 49007.800000
944 48956.000000
945 48950.650000
946 48945.500000
947 48904.000000
948 48893.700000
949 48883.250000
950 48867.650000
951 48841.650000
952 48836.500000
953 48805.450000
954 48784.650000
955 48789.750000
956 48748.350000
957 48758.750000
958 48753.600000
959 48691.250000
960 48691.250000
961 48686.050000
962 48660.200000
963 48649.800000
964 48639.400000
965 48618.550000
966 48577.100000
967 48556.200000
968 48535.500000
969 48504.500000
970 48494.100000
971 48457.800000
972 48416.200000
973 48390.250000
974 48379.950000
975 48364.300000
976 48359.150000
977 48333.150000
978 48307.250000
979 48286.500000
980 48260.500000
981 48250.150000
982 48187.850000
983 48151.550000
984 48136.000000
985 48120.350000
986 48068.500000
987 48052.950000
988 48026.900000
989 48016.600000
990 48016.500000
991 48006.150000
992 47980.250000
993 47907.500000
994 47902.350000
995 47876.600000
996 47855.750000
997 47824.700000
998 47814.250000
999 47809.050000
1000 47762.300000
1001 47746.850000
1002 47715.700000
1003 47700.100000
1004 47674.200000
1005 47689.700000
1006 47653.350000
1007 47637.850000
1008 47622.200000
1009 47575.500000
1010 47528.800000
1011 47513.300000
1012 47482.150000
1013 47476.900000
1014 47451.050000
1015 47430.300000
1016 47440.600000
1017 47399.050000
1018 47362.850000
1019 47362.850000
1020 47342.100000
1021 47316.150000
1022 47253.850000
1023 47238.150000
1024 47227.850000
1025 47217.450000
1026 47191.600000
1027 47155.200000
1028 47150.100000
1029 47108.500000
1030 47098.150000
1031 47092.900000
1032 47077.350000
1033 47077.450000
1034 47046.150000
1035 47025.400000
1036 47004.750000
1037 46989.150000
1038 46958.100000
1039 46927.000000
1040 46906.200000
1041 46906.100000
1042 46864.600000
1043 46854.150000
1044 46817.800000
1045 46812.700000
1046 46823.150000
1047 46797.200000
1048 46755.650000
1049 46729.750000
1050 46698.600000
1051 46693.300000
1052 46672.650000
1053 46615.700000
1054 46589.700000
1055 46553.250000
1056 46517.000000
1057 46475.500000
1058 46454.750000
1059 46402.800000
1060 46387.250000
1061 46397.650000
1062 46361.300000
1063 46335.350000
1064 46319.650000
1065 46324.850000
1066 46314.550000
1067 46288.650000
1068 46257.550000
1069 46215.950000
1070 46174.450000
1071 46158.900000
1072 46112.150000
1073 46112.200000
1074 46107.050000
1075 46096.650000
1076 46070.650000
1077 46039.600000
1078 46034.450000
1079 45992.900000
1080 45977.350000
1081 45946.150000
1082 45946.150000
1083 45909.900000
1084 45883.900000
1085 45873.500000
1086 45857.900000
1087 45826.800000
1088 45811.200000
1089 45790.400000
1090 45769.650000
1091 45753.950000
1092 45728.150000
1093 45697.050000
1094 45671.150000
1095 45665.800000
1096 45655.500000
1097 45640.000000
1098 45614.100000
1099 45588.150000
1100 45525.800000
1101 45525.850000
1102 45520.650000
1103 45494.700000
1104 45479.100000
1105 45453.250000
1106 45416.900000
1107 45396.150000
1108 45380.500000
1109 45370.100000
1110 45338.900000
1111 45323.400000
1112 45281.850000
1113 45271.500000
1114 45245.550000
1115 45245.600000
1116 45224.800000
1117 45219.600000
1118 45204.100000
1119 45131.450000
1120 45115.900000
1121 45074.250000
1122 45048.300000
1123 44991.250000
1124 44965.300000
1125 44960.050000
1126 44934.150000
1127 44903.050000
1128 44913.500000
1129 44908.350000
1130 44866.800000
1131 44851.250000
1132 44835.650000
1133 44809.800000
1134 44799.350000
1135 44768.200000
1136 44721.400000
1137 44711.000000
1138 44669.600000
1139 44633.250000
1140 44576.100000
1141 44581.450000
1142 44550.200000
1143 44493.100000
1144 44446.450000
1145 44425.700000
1146 44436.000000
1147 44394.500000
1148 44347.850000
1149 44311.550000
1150 44311.450000
1151 44238.800000
1152 44202.500000
1153 44150.550000
1154 44150.550000
1155 44140.100000
1156 44119.500000
1157 44077.900000
1158 44046.750000
1159 44026.100000
1160 43984.600000
1161 43958.550000
1162 43974.050000
1163 43963.700000
1164 43942.950000
1165 43927.450000
1166 43911.900000
1167 43870.300000
1168 43813.200000
1169 43787.250000
1170 43740.550000
1171 43693.950000
1172 43647.300000
1173 43611.100000
1174 43579.850000
1175 43533.100000
1176 43512.450000
1177 43465.800000
1178 43434.650000
1179 43377.550000
1180 43341.200000
1181 43309.950000
1182 43273.650000
1183 43237.350000
1184 43195.800000
1185 43169.800000
1186 43128.300000
1187 43092.000000
1188 43071.150000
1189 43014.100000
1190 42946.650000
1191 42915.600000
1192 42868.750000
1193 42832.500000
1194 42816.950000
1195 42754.650000
1196 42713.250000
1197 42666.550000
1198 42640.550000
1199 42593.850000
1200 42578.250000
1201 42526.350000
1202 42479.700000
1203 42448.550000
1204 42443.400000
1205 42422.550000
1206 42396.650000
1207 42349.850000
1208 42334.300000
1209 42277.350000
1210 42220.300000
1211 42163.135000
1212 42137.205000
1213 42059.325000
1214 42059.340000
1215 42059.365000
1216 41986.625000
1217 41960.665000
1218 41950.325000
1219 41919.150000
1220 41877.670000
1221 41825.780000
1222 41784.260000
1223 41737.585000
1224 41716.835000
1225 41654.555000
1226 41618.225000
1227 41592.275000
1228 41556.100000
1229 41488.520000
1230 41436.620000
1231 41389.930000
1232 41374.350000
1233 41343.140000
1234 41317.260000
1235 41229.015000
1236 41203.075000
1237 41146.050000
1238 41135.630000
1239 41094.170000
1240 41011.100000
1241 40943.595000
1242 40933.255000
1243 40896.955000
1244 40839.860000
1245 40798.380000
1246 40787.940000
1247 40756.840000
1248 40704.860000
1249 40637.460000
1250 40590.670000
1251 40575.220000
1252 40538.995000
1253 40476.565000
1254 40471.375000
1255 40424.645000
1256 40357.230000
1257 40331.420000
1258 40284.620000
1259 40258.720000
1260 40212.020000
1261 40170.395000
1262 40149.655000
1263 40071.775000
1264 40051.235000
1265 40014.810000
1266 39983.590000
1267 39967.940000
1268 39947.160000
1269 39905.680000
1270 39879.780000
1271 39874.580000
1272 39827.930000
1273 39786.445000
1274 39775.954000
1275 39718.929000
1276 39667.060000
1277 39656.680000
1278 39661.909500
1279 39641.199500
1280 39578.854500
1281 39537.294000
1282 39547.665000
1283 39511.246000
1284 39459.466000
1285 39438.756000
1286 39423.146500
1287 39376.356500
1288 39329.771000
1289 39314.131000
1290 39283.079000
1291 39226.005000
1292 39194.814000
1293 39194.714000
1294 39184.350000
1295 39168.860000
1296 39132.510000
1297 39106.680000
1298 39044.405000
1299 39028.825000
1300 38976.945000
1301 38940.680000
1302 38930.255000
1303 38904.150000
1304 38883.410000
1305 38883.510000
1306 38831.620000
1307 38810.895000
1308 38758.980000
1309 38712.130000
1310 38686.180000
1311 38639.540000
1312 38603.210000
1313 38551.420000
1314 38504.675000
1315 38478.675000
1316 38457.890000
1317 38411.210000
1318 38385.310000
1319 38322.975000
1320 38286.685000
1321 38265.870000
1322 38229.640000
1323 38214.095000
1324 38172.565000
1325 38141.445000
1326 38094.765000
1327 38089.455000
1328 38068.765000
1329 38027.305000
1330 38001.295000
1331 37970.165000
1332 37933.865000
1333 37913.045000
1334 37892.255000
1335 37887.105000
1336 37855.970000
1337 37819.630000
1338 37809.230000
1339 37772.990000
1340 37741.900000
1341 37741.740000
1342 37695.080000
1343 37684.630000
1344 37627.505000
1345 37591.215000
1346 37565.415000
1347 37534.255000
1348 37503.175000
1349 37482.475000
1350 37466.875000
1351 37420.025000
1352 37399.285000
1353 37368.195000
1354 37368.195000
1355 37290.235000
1356 37259.195000
1357 37248.810000
1358 37217.745000
1359 37176.245000
1360 37150.245000
1361 37108.670000
1362 37082.680000
1363 37082.755000
1364 37020.520000
1365 36989.390000
1366 36947.840000
1367 36906.340000
1368 36864.900000
1369 36823.390000
1370 36792.210000
1371 36735.210000
1372 36683.290000
1373 36693.570000
1374 36652.020000
1375 36620.970000
1376 36605.370000
1377 36548.310000
1378 36506.760000
1379 36454.880000
1380 36439.180000
1381 36418.495000
1382 36397.830000
1383 36361.380000
1384 36340.640000
1385 36335.440000
1386 36299.280000
1387 36278.440000
1388 36242.170000
1389 36195.520000
1390 36164.380000
1391 36174.630000
1392 36148.740000
1393 36122.740000
1394 36101.990000
1395 36065.780000
1396 36055.370000
1397 36018.920000
1398 35982.730000
1399 35920.390000
1400 35920.290000
1401 35868.450000
1402 35826.950000
1403 35780.215000
1404 35754.240000
1405 35697.190000
1406 35697.230000
1407 35645.280000
1408 35603.680000
1409 35588.130000
1410 35551.940000
1411 35525.820000
1412 35499.870000
1413 35484.470000
1414 35422.260000
1415 35406.720000
1416 35385.950000
1417 35365.190000
1418 35318.450000
1419 35302.800000
1420 35282.050000
1421 35282.040000
1422 35245.700000
1423 35224.940000
1424 35193.840000
1425 35173.140000
1426 35147.150000
1427 35126.390000
1428 35079.650000
1429 35074.390000
1430 35043.390000
1431 35027.850000
1432 34981.150000
1433 34981.050000
1434 34955.100000
1435 34934.350000
1436 34877.300000
1437 34830.600000
1438 34789.200000
1439 34726.880000
1440 34695.730000
1441 34659.430000
1442 34623.080000
1443 34576.305000
1444 34560.825000
1445 34519.145000
1446 34472.485000
1447 34467.435000
1448 34441.535000
1449 34379.135000
1450 34389.585000
1451 34332.525000
1452 34280.575000
1453 34244.265000
1454 34223.430000
1455 34187.040000
1456 34171.550000
1457 34135.344000
1458 34093.804000
1459 34062.645000
1460 34021.055000
1461 33989.915000
1462 33984.815000
1463 33932.990000
1464 33896.649000
1465 33849.809000
1466 33808.254500
1467 33777.144500
1468 33730.384500
1469 33699.345000
1470 33652.645000
1471 33611.115000
1472 33574.790000
1473 33522.849500
1474 33486.569500
1475 33465.820000
1476 33419.175000
1477 33362.114000
1478 33299.824000
1479 33278.999000
1480 33258.280000
1481 33227.135000
1482 33170.045000
1483 33154.485000
1484 33076.565000
1485 33061.045000
1486 32998.805000
1487 32972.965000
1488 32915.741000
1489 32889.841500
1490 32900.151500
1491 32863.771500
1492 32879.361500
1493 32822.311500
1494 32806.841500
1495 32775.631500
1496 32739.321500
1497 32713.471500
1498 32687.406500
1499 32666.617000
1500 32625.217000
1501 32604.357000
1502 32568.087000
1503 32542.157000
1504 32505.798000
1505 32474.678000
1506 32469.578000
1507 32417.588000
1508 32370.798000
1509 32303.498000
1510 32251.568000
1511 32241.208000
1512 32163.408000
1513 32080.288000
1514 32002.348000
1515 31966.058000
1516 31945.338000
1517 31893.458000
1518 31841.568500
1519 31763.688500
1520 31701.453500
1521 31659.983500
1522 31566.493500
1523 31509.413000
1524 31436.813000
1525 31405.698000
1526 31364.147000
1527 31291.547000
1528 31234.452000
1529 31208.482000
1530 31125.392000
1531 31000.932000
1532 30881.613000
1533 30798.533000
1534 30694.818000
1535 30616.932000
1536 30544.277000
1537 30513.137000
1538 30435.267000
1539 30336.617000
1540 30279.627000
1541 30227.722000
1542 30165.506500
1543 30103.216000
1544 30014.926500
1545 29937.116000
1546 29854.076000
1547 29812.555000
1548 29797.016000
1549 29739.984500
1550 29698.464500
1551 29631.039000
1552 29542.749000
1553 29459.699500
1554 29376.494000
1555 29340.414000
1556 29262.604000
1557 29226.154000
1558 29168.994000
1559 29049.639000
1560 28956.474000
1561 28873.340000
1562 28779.994000
1563 28676.064500
1564 28572.209500
1565 28504.829500
1566 28432.159500
1567 28364.779500
1568 28286.889000
1569 28167.569500
1570 28053.380000
1571 28017.085000
1572 27949.604500
1573 27856.135000
1574 27799.155000
1575 27747.196000
1576 27695.356000
1577 27607.126000
1578 27555.125000
1579 27467.089500
1580 27456.719500
1581 27383.929500
1582 27332.085000
1583 27269.790000
1584 27238.700000
1585 27202.320000
1586 27134.830000
1587 27067.350000
1588 27020.790000
1589 26963.679500
1590 26849.495000
1591 26766.439500
1592 26678.239000
1593 26657.499500
1594 26512.200000
1595 26465.464500
1596 26387.554500
1597 26315.004500
1598 26242.295000
1599 26190.440000
1600 26123.045000
1601 26086.684500
1602 25982.864500
1603 25910.224500
1604 25759.734500
1605 25718.159000
1606 25671.454000
1607 25604.049000
1608 25557.304000
1609 25510.605000
1610 25458.685000
1611 25360.090000
1612 25303.080000
1613 25194.090000
1614 25126.654500
1615 25074.710000
1616 24991.790000
1617 24934.614500
1618 24893.135000
1619 24867.160000
1620 24804.839500
1621 24732.244500
1622 24628.434500
1623 24618.044000
1624 24503.764500
1625 24415.709500
1626 24389.715000
1627 24327.529500
1628 24270.324500
1629 24161.400000
1630 24047.275000
1631 23948.580000
1632 23886.406500
1633 23777.346500
1634 23751.377000
1635 23642.456500
1636 23575.096500
1637 23492.076500
1638 23419.376000
1639 23341.479500
1640 23248.095000
1641 23175.435000
1642 23133.880000
1643 23040.485000
1644 22952.341000
1645 22890.111000
1646 22853.685000
1647 22749.950000
1648 22640.900000
1649 22542.345000
1650 22537.175000
1651 22443.791000
1652 22376.221000
1653 22303.556000
1654 22168.721000
1655 22101.236000
1656 21992.261000
1657 21997.380000
1658 21971.449000
1659 21935.104000
1660 21831.395000
1661 21826.180000
1662 21774.410000
1663 21732.835000
1664 21675.715000
1665 21608.345000
1666 21582.280000
1667 21473.275000
1668 21400.670000
1669 21302.070000
1670 21234.625000
1671 21162.035000
1672 21047.798000
1673 20970.008000
1674 20897.318500
1675 20829.909500
1676 20741.698500
1677 20637.840000
1678 20596.404000
1679 20539.180000
1680 20466.618500
1681 20393.950000
1682 20342.076000
1683 20269.400000
1684 20217.595000
1685 20150.016000
1686 20025.518500
1687 19952.880000
1688 19833.592000
1689 19781.573000
1690 19719.302000
1691 19698.582500
1692 19610.351000
1693 19491.020500
1694 19449.512000
1695 19387.291500
1696 19361.245500
1697 19241.981500
1698 19133.002500
1699 19070.681500
1700 18972.010000
1701 18899.399500
1702 18889.040000
1703 18837.276500
1704 18712.615500
1705 18660.775500
1706 18551.692000
1707 18458.302000
1708 18339.001500
1709 18302.714000
1710 18276.744000
1711 18193.673500
1712 18141.753500
1713 18152.162000
1714 18074.355000
1715 18001.634500
1716 17882.296000
1717 17799.302500
1718 17721.487500
1719 17659.122500
1720 17596.937500
1721 17529.504000
1722 17410.134500
1723 17363.377500
1724 17306.387500
1725 17218.126000
1726 17166.257000
1727 17124.737500
1728 17031.258000
1729 16943.047000
1730 16880.822000
1731 16782.227000
1732 16740.697000
1733 16688.745500
1734 16595.415500
1735 16522.790500
1736 16393.061500
1737 16330.747000
1738 16211.333500
1739 16159.461000
1740 16081.772500
1741 15998.680500
1742 15962.311500
1743 15811.817000
1744 15744.311000
1745 15656.025000
1746 15562.675500
1747 15490.149500
1748 15453.814500
1749 15396.647500
1750 15324.023000
1751 15199.484500
1752 15147.538500
1753 15054.072500
1754 15028.173000
1755 14924.500000
1756 14872.572000
1757 14831.107000
1758 14789.562500
1759 14722.051500
1760 14675.369500
1761 14618.242000
1762 14530.140000
1763 14421.090500
1764 14374.318000
1765 14317.222000
1766 14312.109500
1767 14197.926000
1768 14151.188500
1769 14063.069000
1770 13964.494500
1771 13902.131000
1772 13813.865000
1773 13751.565500
1774 13725.673000
1775 13647.832000
1776 13590.814500
1777 13455.797000
1778 13419.519000
1779 13310.641500
1780 13186.051500
1781 13092.614000
1782 13040.735000
1783 12916.170500
1784 12874.597500
1785 12812.298500
1786 12770.870500
1787 12641.108500
1788 12568.444000
1789 12516.658500
1790 12438.755500
1791 12433.555500
1792 12418.003000
1793 12298.638000
1794 12226.043000
1795 12153.404500
1796 12039.230500
1797 11966.534500
1798 11847.138500
1799 11769.353000
1800 11743.445500
1801 11686.310000
1802 11613.669000
1803 11577.262500
1804 11489.120500
1805 11406.115500
1806 11291.977000
1807 11214.041000
1808 11151.771000
1809 11068.835000
1810 10980.568000
1811 10913.099500
1812 10861.223500
1813 10767.777500
1814 10736.626000
1815 10601.750500
1816 10534.304500
1817 10487.615000
1818 10425.354000
1819 10321.530500
1820 10186.616000
1821 10139.903500
1822 10098.382500
1823 10025.738000
1824 9921.948000
1825 9823.359000
1826 9761.119000
1827 9719.542500
1828 9672.903000
1829 9605.427500
1830 9527.628000
1831 9428.932000
1832 9345.897500
1833 9335.559000
1834 9200.666000
1835 9127.931000
1836 9086.404000
1837 9039.766000
1838 8961.937000
1839 8899.688000
1840 8806.199000
1841 8769.907500
1842 8676.543000
1843 8588.366000
1844 8541.558000
1845 8474.153000
1846 8391.122000
1847 8313.232500
1848 8230.303000
1849 8173.199000
1850 8147.157000
1851 8095.360000
1852 8017.522000
1853 7975.874500
1854 7970.807000
1855 7908.542500
1856 7783.995500
1857 7752.847000
1858 7664.609500
1859 7623.095000
1860 7576.314500
1861 7441.406000
1862 7436.275000
1863 7394.774500
1864 7363.611500
1865 7213.109000
1866 7124.893500
1867 7052.233500
1868 6958.856500
1869 6958.875000
1870 6860.263000
1871 6829.119000
1872 6678.636500
1873 6590.406500
1874 6502.187000
1875 6481.435500
1876 6403.616000
1877 6273.912000
1878 6211.583000
1879 6164.869500
1880 6097.468500
1881 6019.578000
1882 5972.832000
1883 5889.873000
1884 5843.136500
1885 5718.609500
1886 5635.530500
1887 5542.190000
1888 5521.385500
1889 5479.921500
1890 5376.116000
1891 5329.364000
1892 5230.797500
1893 5210.059000
1894 5163.313500
1895 5085.498000
1896 4966.124500
1897 4851.982000
1898 4748.207500
1899 4706.713000
1900 4649.650000
1901 4592.563500
1902 4545.827500
1903 4462.801500
1904 4390.136000
1905 4353.833000
1906 4301.927500
1907 4281.164000
1908 4218.909500
1909 4146.266500
1910 4099.589500
1911 4068.437000
1912 4006.117000
1913 3938.676000
1914 3907.528500
1915 3850.449500
1916 3803.744500
1917 3741.501000
1918 3663.673000
1919 3591.013000
1920 3575.424000
1921 3507.959500
1922 3424.944500
1923 3347.119500
1924 3326.340000
1925 3227.774000
1926 3186.251500
1927 3160.288000
1928 3123.912500
1929 3066.870000
1930 2973.479500
1931 2905.974500
1932 2864.467000
1933 2833.351500
1934 2828.143500
1935 2817.822500
1936 2765.894000
1937 2771.130000
1938 2745.178500
1939 2667.330500
1940 2615.403000
1941 2563.505000
1942 2511.628500
1943 2475.339500
1944 2423.417500
1945 2366.347000
1946 2355.955000
1947 2309.257000
1948 2278.108000
1949 2236.606000
1950 2174.318500
1951 2127.601500
1952 2112.072000
1953 2096.492000
1954 2080.862000
1955 2029.017000
1956 1997.909500
1957 2003.107500
1958 1997.893000
1959 1930.416500
1960 1951.175000
1961 1888.922000
1962 1831.842000
1963 1826.650500
1964 1800.684000
1965 1769.579000
1966 1717.651500
1967 1717.665000
1968 1691.734500
1969 1665.787500
1970 1598.321500
1971 1577.556500
1972 1530.837000
1973 1504.892500
1974 1494.531500
1975 1432.249000
1976 1421.887500
1977 1395.932000
1978 1359.612500
1979 1349.199500
1980 1297.339500
1981 1250.621500
1982 1240.222000
1983 1245.441500
1984 1209.085500
1985 1167.618000
1986 1146.837000
1987 1105.330000
1988 1110.505500
1989 1084.549000
1990 1074.174500
1991 1074.198500
1992 1089.745500
1993 1089.756000
1994 1074.197000
1995 1068.987000
1996 1017.110500
1997 996.344000
1998 939.268500
1999 897.770500
2000 892.546000
2001 856.259000
2002 814.700500
2003 835.456000
2004 799.174500
2005 778.403500
2006 752.444000
2007 762.822500
2008 700.547000
2009 684.998000
2010 664.220500
2011 638.288500
2012 627.907500
2013 617.530500
2014 607.148500
2015 612.339000
2016 591.581000
2017 596.770500
2018 591.580500
2019 576.011000
2020 560.448000
2021 560.444500
2022 539.686500
2023 513.740500
2024 508.552500
2025 482.604500
2026 467.040500
2027 482.606000
2028 482.604500
2029 492.982500
2030 461.850000
2031 425.527000
2032 430.715500
2033 435.904500
2034 409.956500
2035 404.766500
2036 404.766500
2037 368.443000
2038 342.494000
2039 337.304000
2040 311.361000
2041 300.981500
2042 311.359000
2043 290.601500
2044 269.847000
2045 269.844500
2046 259.465000
2047 259.467500
2048 254.278000
2049 249.087500
2050 243.895500
2051 228.327500
2052 238.710500
2053 243.900500
2054 228.332000
2055 217.952500
2056 207.574000
2057 212.761500
2058 166.059000
2059 160.869000
2060 160.869500
2061 155.680000
2062 150.491000
2063 108.976500
2064 98.598500
2065 93.409000
2066 114.166500
2067 98.598000
2068 103.786500
2069 98.597500
2070 98.597500
2071 77.840000
2072 88.219000
2073 83.029500
2074 88.218500
2075 98.598000
2076 93.409000
2077 83.031000
2078 83.030500
2079 88.219500
2080 83.030500
2081 108.977000
2082 83.030500
2083 72.651500
2084 83.030000
2085 83.029500
2086 67.461500
2087 67.461000
2088 72.651000
2089 67.462000
2090 67.462000
2091 72.651500
2092 88.218500
2093 77.840000
2094 67.461500
2095 62.272500
2096 62.272500
2097 51.893500
2098 41.515000
2099 41.515500
2100 46.705500
2101 51.894000
2102 62.272500
2103 67.462500
2104 46.705500
2105 51.894000
2106 46.704500
2107 46.705000
2108 41.515500
2109 62.272500
2110 57.083000
2111 62.272500
2112 46.704500
2113 46.704500
2114 41.515000
2115 36.326000
2116 41.515500
2117 31.136500
2118 31.136500
2119 25.947000
2120 51.894000
2121 36.326000
2122 36.326000
2123 46.704500
2124 36.325000
2125 41.514500
2126 46.704000
2127 41.515000
2128 46.704500
2129 31.136500
2130 25.947000
2131 20.757500
2132 41.515000
2133 41.515000
2134 41.515500
2135 51.894000
2136 51.894000
2137 41.515000
2138 41.515000
2139 51.894000
2140 57.083500
2141 72.651500
2142 46.705000
2143 41.515500
2144 51.894500
2145 51.894500
2146 51.894500
2147 41.515000
2148 46.704500
2149 31.136500
2150 15.568000
2151 31.136500
2152 36.326000
2153 36.326000
2154 25.947500
2155 25.947500
2156 20.758000
2157 20.758000
2158 25.947500
2159 25.947500
2160 41.515000
2161 36.325500
2162 36.326000
2163 36.325500
2164 36.325500
2165 41.515000
2166 41.515000
2167 51.894000
2168 41.515000
2169 36.326000
2170 31.136500
2171 31.136500
2172 36.326000
2173 20.758000
2174 15.568500
2175 15.568500
2176 5.189500
2177 10.379000
2178 5.189500
2179 10.379000
2180 10.379000
2181 20.757500
2182 10.379000
2183 10.379000
2184 10.379000
2185 10.379000
2186 10.379000
2187 10.379000
2188 10.379000
2189 5.189500
2190 5.189500
2191 5.189500
2192 0.000000
2193 0.000000
2194 5.189500
2195 15.568500
2196 31.136500
2197 25.947500
2198 31.137000
2199 20.758000
2200 20.758000
2201 25.947500
2202 20.757500
2203 20.757500
2204 10.379000
2205 5.189500
2206 5.189500
2207 15.568500
2208 15.568500
2209 20.758000
2210 10.379000
2211 15.568500
2212 15.568500
2213 20.757500
2214 20.758000
2215 25.947500
2216 25.947000
2217 10.379000
2218 15.568500
2219 15.568500
2220 25.947500
2221 25.947500
2222 25.947500
2223 20.758000
2224 20.758000
2225 20.758000
2226 15.568500
2227 5.189500
2228 5.189500
2229 5.189500
2230 5.189500
2231 10.379000
2232 15.568500
2233 15.568500
2234 20.758000
2235 15.568500
2236 15.568500
2237 15.568500
2238 15.568500
2239 15.568500
2240 15.568500
2241 15.568500
2242 15.568500
2243 5.189500
2244 15.568500
2245 15.568500
2246 20.758000
2247 31.137000
2248 31.137000
2249 15.568500
2250 10.379000
2251 10.379000
2252 15.568500
2253 15.568500
2254 10.379000
2255 20.757500
2256 20.757500
2257 25.946500
2258 15.568500
2259 20.758000
2260 10.379000
2261 5.189500
2262 5.189500
2263 5.189500
2264 5.189500
2265 10.379000
2266 15.568500
2267 25.947500
2268 20.758000
2269 15.568500
2270 15.568500
2271 25.947000
2272 20.757500
2273 20.758000
2274 25.947500
2275 15.568500
2276 15.568500
2277 15.568500
2278 15.568500
2279 15.568500
2280 25.947500
2281 25.947500
2282 15.568500
2283 10.379000
2284 10.379000
2285 10.379000
2286 10.379000
2287 10.379000
2288 20.758000
2289 20.758000
2290 20.758000
2291 20.758000
2292 15.568500
2293 20.758000
2294 15.568500
2295 20.758000
2296 15.568500
2297 15.568500
2298 10.379000
2299 10.379000
2300 5.189500
2301 0.000000
2302 0.000000
2303 5.189500
2304 10.379000
2305 5.189500
2306 5.189500
2307 5.189500
2308 10.379000
2309 10.379000
2310 5.189500
2311 0.000000
2312 0.000000
2313 5.189500
2314 0.000000
2315 5.189500
2316 5.189500
2317 10.378500
2318 10.378500
2319 20.757500
2320 15.568500
2321 15.568500
2322 5.189500
2323 5.189500
2324 5.189500
2325 5.189500
2326 10.379000
2327 15.568500
2328 15.568500
2329 10.379000
2330 10.379000
2331 5.189500
2332 5.189500
2333 5.189500
2334 5.189500
2335 5.189500
2336 5.189500
2337 10.379000
2338 15.568500
2339 25.947000
2340 25.947000
2341 20.758000
2342 20.758000
2343 20.758000
2344 10.379000
2345 5.189500
2346 5.189500
2347 15.568000
2348 20.757500
2349 20.757500
2350 15.568500
2351 15.568500
2352 15.568500
2353 10.379000
2354 10.379000
2355 20.758000
2356 10.379000
2357 5.189500
2358 0.000000
2359 5.189500
2360 5.189500
2361 10.379000
2362 10.379000
2363 5.189500
2364 5.189500
2365 5.189500
2366 5.189500
2367 5.189500
2368 5.189500
2369 0.000000
2370 5.189500
2371 5.189500
2372 5.189500
2373 5.189500
2374 5.189500
2375 5.189500
2376 0.000000
2377 5.189500
2378 10.378500
2379 10.378500
2380 10.378500
2381 10.378500
2382 20.757500
2383 25.946500
2384 20.757500
2385 20.757500
2386 25.947000
2387 25.947000
2388 15.568000
2389 15.568000
2390 15.568000
2391 15.568000
2392 20.757500
2393 10.379000
2394 15.568500
2395 10.379000
2396 10.379000
2397 15.568000
2398 10.378500
2399 15.568000
2400 5.189500
2401 15.568000
2402 10.379000
2403 10.379000
2404 15.568500
2405 5.189500
2406 5.189500
2407 10.378500
2408 10.379000
2409 5.189500
2410 0.000000
2411 5.189500
2412 10.379000
2413 5.189500
2414 10.379000
2415 10.379000
2416 5.189500
2417 5.189500
2418 5.189500
2419 5.189500
2420 0.000000
2421 5.189500
2422 5.189500
2423 5.189500
2424 5.189500
2425 5.189500
2426 10.379000
2427 10.379000
2428 10.379000
2429 10.379000
2430 10.379000
2431 15.568000
2432 15.568000
2433 10.379000
2434 10.379000
2435 5.189500
2436 5.189500
2437 5.189500
2438 5.189500
2439 10.379000
2440 15.568000
2441 10.379000
2442 20.757000
2443 15.568000
2444 10.378500
2445 10.378500
2446 0.000000
2447 0.000000
2448 0.000000
2449 5.189500
2450 5.189500
2451 10.379000
2452 0.000000
2453 0.000000
2454 5.189500
2455 0.000000
2456 0.000000
2457 5.189500
2458 5.189500
2459 5.189500
2460 5.189500
2461 5.189500
2462 0.000000
2463 0.000000
2464 0.000000
2465 0.000000
2466 0.000000
2467 0.000000
2468 0.000000
2469 5.189500
2470 5.189500
2471 5.189500
2472 5.189500
2473 5.189500
2474 5.189500
2475 5.189500
2476 10.379000
2477 10.379000
2478 10.379000
2479 10.379000
2480 5.189500
2481 0.000000
2482 0.000000
2483 5.189500
2484 5.189500
2485 5.189500
2486 5.189500
2487 0.000000
2488 10.379000
2489 5.189500
2490 5.189500
2491 5.189500
2492 15.568500
2493 20.758000
2494 15.568500
2495 15.568500
2496 10.379000
2497 10.379000
2498 10.379000
2499 5.189500
2500 0.000000
2501 0.000000
2502 0.000000
2503 5.189500
2504 5.189500
2505 5.189500
2506 0.000000
2507 0.000000
2508 0.000000
2509 0.000000
2510 0.000000
2511 0.000000
2512 0.000000
2513 0.000000
2514 0.000000
2515 0.000000
2516 0.000000
2517 0.000000
2518 0.000000
2519 5.189500
2520 5.189500
2521 10.379000
2522 10.379000
2523 5.189500
2524 5.189500
2525 5.189500
2526 5.189500
2527 0.000000
2528 0.000000
2529 0.000000
2530 0.000000
2531 0.000000
2532 0.000000
2533 0.000000
2534 0.000000
2535 0.000000
2536 0.000000
2537 0.000000
2538 0.000000
2539 0.000000
2540 0.000000
2541 5.189500
2542 5.189500
2543 5.189500
2544 5.189500
2545 5.189500
2546 5.189500
2547 5.189500
2548 0.000000
2549 0.000000
2550 0.000000
2551 0.000000
2552 0.000000
2553 0.000000
2554 0.000000
2555 0.000000
2556 0.000000
2557 0.000000
2558 0.000000
2559 0.000000
2560 0.000000
2561 0.000000
2562 0.000000
2563 0.000000
2564 0.000000
2565 0.000000
2566 0.000000
2567 0.000000
2568 0.000000
2569 0.000000
2570 0.000000
2571 0.000000
2572 5.189500
2573 5.189500
2574 5.189500
2575 5.189500
2576 5.189500
2577 0.000000
2578 0.000000
2579 0.000000
2580 0.000000
2581 0.000000
2582 0.000000
2583 0.000000
2584 0.000000
2585 0.000000
2586 0.000000
2587 0.000000
2588 0.000000
2589 0.000000
2590 0.000000
2591 0.000000
2592 0.000000
2593 0.000000
2594 5.189500
2595 5.189500
2596 5.189500
2597 5.189500
2598 5.189500
2599 5.189500
2600 5.189500
2601 5.189500
2602 5.189500
2603 0.000000
2604 5.189500
2605 5.189500
2606 5.189500
2607 0.000000
2608 0.000000
2609 0.000000
2610 0.000000
2611 0.000000
2612 0.000000
2613 5.189500
2614 5.189500
2615 10.379000
2616 5.189500
2617 5.189500
2618 5.189500
2619 5.189500
2620 5.189500
2621 5.189500
2622 0.000000
2623 0.000000
2624 0.000000
2625 0.000000
2626 0.000000
2627 0.000000
2628 0.000000
2629 0.000000
2630 0.000000
2631 0.000000
2632 0.000000
2633 0.000000
2634 0.000000
2635 0.000000
2636 0.000000
2637 0.000000
2638 0.000000
2639 0.000000
2640 0.000000
2641 0.000000
2642 0.000000
2643 0.000000
2644 0.000000
2645 0.000000
2646 0.000000
2647 0.000000
2648 0.000000
2649 0.000000
2650 0.000000
2651 0.000000
2652 0.000000
2653 0.000000
2654 0.000000
2655 0.000000
2656 0.000000
2657 0.000000
2658 0.000000
2659 0.000000
2660 0.000000
2661 0.000000
2662 0.000000
2663 0.000000
2664 0.000000
2665 0.000000
2666 0.000000
2667 0.000000
2668 0.000000
2669 0.000000
2670 0.000000
2671 0.000000
2672 0.000000
2673 0.000000
2674 0.000000
2675 0.000000
2676 0.000000
2677 0.000000
2678 0.000000
2679 0.000000
2680 0.000000
2681 0.000000
2682 0.000000
2683 0.000000
2684 0.000000
2685 0.000000
2686 0.000000
2687 0.000000
2688 0.000000
2689 0.000000
2690 0.000000
2691 0.000000
2692 0.000000
2693 0.000000
2694 0.000000
2695 0.000000
2696 0.000000
2697 0.000000
2698 0.000000
2699 0.000000
2700 0.000000
2701 0.000000
2702 0.000000
2703 0.000000
2704 0.000000
2705 0.000000
2706 0.000000
2707 0.000000
2708 0.000000
2709 0.000000
2710 0.000000
2711 0.000000
2712 0.000000
2713 0.000000
2714 0.000000
2715 0.000000
2716 0.000000
2717 0.000000
2718 0.000000
2719 0.000000
2720 0.000000
2721 0.000000
2722 0.000000
2723 0.000000
2724 0.000000
2725 0.000000
2726 0.000000
2727 0.000000
2728 0.000000
2729 0.000000
2730 0.000000
2731 0.000000
2732 0.000000
2733 0.000000
2734 0.000000
2735 0.000000
2736 0.000000
2737 0.000000
2738 0.000000
2739 0.000000
2740 0.000000
2741 0.000000
2742 0.000000
2743 0.000000
2744 0.000000
2745 0.000000
2746 0.000000
2747 0.000000
2748 0.000000
2749 0.000000
2750 0.000000
2751 0.000000
2752 0.000000
2753 0.000000
2754 0.000000
2755 0.000000
2756 0.000000
2757 0.000000
2758 0.000000
2759 0.000000
2760 0.000000
2761 0.000000
2762 0.000000
2763 0.000000
2764 0.000000
2765 0.000000
2766 0.000000
2767 0.000000
2768 0.000000
2769 0.000000
2770 0.000000
2771 0.000000
2772 0.000000
2773 0.000000
2774 0.000000
2775 0.000000
2776 0.000000
2777 0.000000
2778 0.000000
2779 0.000000
2780 0.000000
2781 0.000000
2782 0.000000
2783 0.000000
2784 0.000000
2785 0.000000
2786 0.000000
2787 0.000000
2788 0.000000
2789 0.000000
2790 0.000000
2791 0.000000
2792 0.000000
2793 0.000000
2794 0.000000
2795 0.000000
2796 0.000000
2797 0.000000
2798 0.000000
2799 0.000000
2800 0.000000
2801 0.000000
2802 0.000000
2803 0.000000
2804 0.000000
2805 0.000000
2806 0.000000
2807 0.000000
2808 0.000000
2809 0.000000
2810 0.000000
2811 0.000000
2812 0.000000
2813 0.000000
2814 0.000000
2815 0.000000
2816 0.000000
2817 0.000000
2818 0.000000
2819 0.000000
2820 0.000000
2821 0.000000
2822 0.000000
2823 0.000000
2824 0.000000
2825 0.000000
2826 0.000000
2827 0.000000
2828 0.000000
2829 0.000000
2830 0.000000
2831 0.000000
2832 0.000000
2833 0.000000
2834 0.000000
2835 0.000000
2836 0.000000
2837 0.000000
2838 0.000000
2839 0.000000
2840 0.000000
2841 0.000000
2842 0.000000
2843 0.000000
2844 0.000000
2845 0.000000
2846 0.000000
2847 0.000000
2848 0.000000
2849 0.000000
2850 0.000000
2851 0.000000
2852 0.000000
2853 0.000000
2854 0.000000
2855 0.000000
2856 0.000000
2857 0.000000
2858 0.000000
2859 0.000000
2860 0.000000
2861 0.000000
2862 0.000000
2863 0.000000
2864 0.000000
2865 0.000000
2866 0.000000
2867 0.000000
2868 0.000000
2869 0.000000
2870 0.000000
2871 0.000000
2872 0.000000
2873 0.000000
2874 0.000000
2875 0.000000
2876 0.000000
2877 0.000000
2878 0.000000
2879 0.000000
2880 0.000000
2881 0.000000
2882 0.000000
2883 0.000000
2884 0.000000
2885 0.000000
2886 0.000000
2887 0.000000
2888 0.000000
2889 0.000000
2890 0.000000
2891 0.000000
2892 0.000000
2893 0.000000
2894 0.000000
2895 0.000000
2896 0.000000
2897 0.000000
2898 0.000000
2899 0.000000
2900 0.000000
2901 0.000000
2902 0.000000
2903 0.000000
2904 0.000000
2905 0.000000
2906 0.000000
2907 0.000000
2908 0.000000
2909 0.000000
2910 0.000000
2911 0.000000
2912 0.000000
2913 0.000000
2914 0.000000
2915 0.000000
2916 0.000000
2917 0.000000
2918 0.000000
2919 0.000000
2920 0.000000
2921 0.000000
2922 0.000000
2923 0.000000
2924 0.000000
2925 0.000000
2926 0.000000
2927 0.000000
2928 0.000000
2929 0.000000
2930 0.000000
2931 0.000000
2932 0.000000
2933 0.000000
2934 0.000000
2935 0.000000
2936 0.000000
2937 0.000000
2938 0.000000
2939 0.000000
2940 0.000000
2941 0.000000
2942 0.000000
2943 0.000000
2944 0.000000
2945 0.000000
2946 0.000000
2947 0.000000
2948 0.000000
2949 0.000000
2950 0.000000
2951 0.000000
2952 0.000000
2953 0.000000
2954 0.000000
2955 0.000000
2956 0.000000
2957 0.000000
2958 0.000000
2959 0.000000
2960 0.000000
2961 0.000000
2962 0.000000
2963 0.000000
2964 0.000000
2965 0.000000
2966 0.000000
2967 0.000000
2968 0.000000
2969 0.000000
2970 0.000000
2971 0.000000
2972 0.000000
2973 0.000000
2974 0.000000
2975 0.000000
2976 0.000000
2977 0.000000
2978 0.000000
2979 0.000000
2980 0.000000
2981 0.000000
2982 0.000000
2983 0.000000
2984 0.000000
2985 0.000000
2986 0.000000
2987 0.000000
2988 0.000000
2989 0.000000
2990 0.000000
2991 0.000000
2992 0.000000
2993 0.000000
2994 0.000000
2995 0.000000
2996 0.000000
2997 0.000000
2998 0.000000
2999 0.000000
