0 59993.200000
1 59729.050000
2 59459.050000
3 59277.500000
4 59101.100000
5 58986.950000
6 58888.250000
7 58794.950000
8 58717.050000
9 58649.600000
10 58545.800000
11 58452.500000
12 58338.200000
13 58260.300000
14 58161.700000
15 58073.550000
16 58016.450000
17 57938.500000
18 57840.050000
19 57798.600000
20 57720.700000
21 57668.800000
22 57616.900000
23 57570.250000
24 57544.200000
25 57455.950000
26 57461.150000
27 57430.000000
28 57357.400000
29 57279.550000
30 57227.650000
31 57206.900000
32 57180.950000
33 57165.350000
34 57118.600000
35 57118.700000
36 57118.650000
37 57030.500000
38 57004.550000
39 56973.350000
40 56973.400000
41 56942.350000
42 56926.650000
43 56905.950000
44 56895.500000
45 56848.850000
46 56817.850000
47 56786.650000
48 56791.800000
49 56750.250000
50 56719.100000
51 56724.250000
52 56755.450000
53 56760.600000
54 56776.200000
55 56791.750000
56 56802.100000
57 56791.850000
58 56791.750000
59 56802.150000
60 56802.150000
61 56807.300000
62 56796.900000
63 56760.550000
64 56765.750000
65 56755.400000
66 56771.000000
67 56771.050000
68 56734.650000
69 56729.400000
70 56729.400000
71 56724.250000
72 56734.600000
73 56750.250000
74 56745.000000
75 56745.150000
76 56755.500000
77 56750.250000
78 56745.050000
79 56771.050000
80 56745.150000
81 56739.850000
82 56708.800000
83 56724.350000
84 56713.950000
85 56682.750000
86 56662.050000
87 56667.150000
88 56672.300000
89 56677.500000
90 56693.100000
91 56687.950000
92 56698.350000
93 56687.900000
94 56672.400000
95 56672.400000
96 56641.300000
97 56625.700000
98 56636.150000
99 56656.950000
100 56646.500000
101 56641.350000
102 56646.550000
103 56672.400000
104 56661.950000
105 56651.650000
106 56662.000000
107 56651.650000
108 56646.500000
109 56646.450000
110 56646.500000
111 56636.100000
112 56646.550000
113 56656.900000
114 56625.750000
115 56646.500000
116 56651.750000
117 56636.150000
118 56631.000000
119 56620.600000
120 56605.000000
121 56599.750000
122 56594.650000
123 56594.650000
124 56599.800000
125 56589.400000
126 56589.400000
127 56589.400000
128 56568.600000
129 56558.250000
130 56527.100000
131 56532.350000
132 56532.350000
133 56547.900000
134 56547.950000
135 56542.750000
136 56537.550000
137 56537.450000
138 56521.850000
139 56516.700000
140 56506.350000
141 56501.200000
142 56490.850000
143 56485.600000
144 56485.650000
145 56480.500000
146 56480.500000
147 56470.100000
148 56449.300000
149 56433.800000
150 56428.550000
151 56407.800000
152 56413.000000
153 56392.250000
154 56366.350000
155 56361.150000
156 56340.350000
157 56340.350000
158 56340.350000
159 56345.500000
160 56350.700000
161 56314.400000
162 56298.800000
163 56288.400000
164 56314.350000
165 56309.150000
166 56309.150000
167 56303.900000
168 56288.550000
169 56273.000000
170 56288.500000
171 56288.500000
172 56278.150000
173 56273.000000
174 56241.800000
175 56236.600000
176 56221.050000
177 56215.850000
178 56210.600000
179 56210.600000
180 56220.950000
181 56220.950000
182 56205.350000
183 56194.950000
184 56205.350000
185 56189.750000
186 56189.750000
187 56163.800000
188 56153.400000
189 56148.250000
190 56148.250000
191 56143.050000
192 56143.050000
193 56132.700000
194 56117.150000
195 56096.350000
196 56086.000000
197 56054.900000
198 56044.500000
199 56039.300000
200 56039.300000
201 56034.100000
202 56028.950000
203 56023.750000
204 56018.650000
205 56013.500000
206 56029.000000
207 56008.250000
208 56003.100000
209 55997.800000
210 55992.600000
211 55992.600000
212 55977.000000
213 55961.500000
214 55951.150000
215 55940.750000
216 55920.000000
217 55904.400000
218 55888.850000
219 55888.850000
220 55888.850000
221 55868.100000
222 55878.450000
223 55883.650000
224 55883.650000
225 55857.700000
226 55847.350000
227 55852.550000
228 55852.500000
229 55867.950000
230 55852.400000
231 55847.200000
232 55852.400000
233 55847.150000
234 55842.000000
235 55826.500000
236 55826.500000
237 55821.300000
238 55821.300000
239 55826.500000
240 55810.950000
241 55816.100000
242 55816.100000
243 55810.900000
244 55805.700000
245 55805.700000
246 55805.750000
247 55805.650000
248 55805.650000
249 55790.100000
250 55790.150000
251 55779.750000
252 55784.900000
253 55779.800000
254 55759.050000
255 55764.150000
256 55753.800000
257 55733.100000
258 55727.900000
259 55738.250000
260 55738.250000
261 55748.650000
262 55759.050000
263 55743.500000
264 55743.500000
265 55733.150000
266 55738.350000
267 55733.150000
268 55722.700000
269 55707.100000
270 55701.900000
271 55701.950000
272 55696.800000
273 55681.250000
274 55650.100000
275 55660.500000
276 55655.300000
277 55655.300000
278 55655.350000
279 55650.150000
280 55629.400000
281 55624.200000
282 55619.000000
283 55603.450000
284 55577.550000
285 55561.950000
286 55572.350000
287 55567.150000
288 55556.750000
289 55546.350000
290 55535.950000
291 55541.100000
292 55541.100000
293 55530.700000
294 55530.750000
295 55535.900000
296 55515.100000
297 55509.950000
298 55504.750000
299 55509.950000
300 55504.750000
301 55489.250000
302 55494.450000
303 55478.850000
304 55452.900000
305 55447.800000
306 55447.800000
307 55432.150000
308 55416.550000
309 55406.200000
310 55401.000000
311 55390.600000
312 55395.800000
313 55375.050000
314 55401.000000
315 55406.200000
316 55416.600000
317 55406.250000
318 55411.350000
319 55400.950000
320 55400.950000
321 55400.950000
322 55395.750000
323 55385.350000
324 55385.350000
325 55364.600000
326 55354.200000
327 55354.200000
328 55359.400000
329 55354.250000
330 55338.750000
331 55323.200000
332 55328.400000
333 55328.400000
334 55307.700000
335 55287.000000
336 55281.750000
337 55271.300000
338 55281.650000
339 55276.500000
340 55266.000000
341 55245.250000
342 55229.750000
343 55224.550000
344 55214.200000
345 55203.800000
346 55214.150000
347 55198.600000
348 55198.600000
349 55188.200000
350 55188.300000
351 55188.250000
352 55177.850000
353 55177.800000
354 55177.800000
355 55183.000000
356 55188.150000
357 55177.750000
358 55167.350000
359 55162.150000
360 55162.150000
361 55167.350000
362 55151.850000
363 55146.650000
364 55162.300000
365 55151.900000
366 55136.350000
367 55115.550000
368 55110.350000
369 55099.900000
370 55110.250000
371 55089.550000
372 55084.400000
373 55105.100000
374 55105.100000
375 55099.950000
376 55099.950000
377 55100.000000
378 55094.850000
379 55089.650000
380 55074.050000
381 55084.450000
382 55079.300000
383 55084.450000
384 55074.050000
385 55063.700000
386 55063.650000
387 55058.550000
388 55063.700000
389 55058.500000
390 55063.700000
391 55053.350000
392 55048.150000
393 55048.150000
394 55027.400000
395 55027.400000
396 55022.200000
397 55006.600000
398 54996.250000
399 55001.450000
400 54996.300000
401 55001.500000
402 54996.300000
403 54991.100000
404 54991.100000
405 54980.700000
406 54975.550000
407 54980.650000
408 54980.650000
409 54975.500000
410 54965.100000
411 54975.500000
412 54959.900000
413 54959.900000
414 54949.500000
415 54944.300000
416 54939.200000
417 54939.150000
418 54944.350000
419 54944.350000
420 54939.150000
421 54934.000000
422 54928.800000
423 54923.600000
424 54918.400000
425 54913.200000
426 54913.200000
427 54897.650000
428 54876.900000
429 54866.600000
430 54861.400000
431 54856.250000
432 54840.650000
433 54835.450000
434 54835.450000
435 54835.450000
436 54830.250000
437 54835.400000
438 54825.050000
439 54825.000000
440 54830.250000
441 54819.850000
442 54809.450000
443 54799.050000
444 54804.250000
445 54793.850000
446 54783.450000
447 54773.100000
448 54762.700000
449 54757.450000
450 54752.250000
451 54757.450000
452 54747.100000
453 54731.550000
454 54715.950000
455 54700.350000
456 54690.000000
457 54690.000000
458 54664.050000
459 54643.400000
460 54638.200000
461 54633.000000
462 54627.850000
463 54627.800000
464 54612.200000
465 54617.400000
466 54612.200000
467 54607.000000
468 54591.400000
469 54570.600000
470 54570.700000
471 54565.500000
472 54560.300000
473 54555.150000
474 54544.800000
475 54529.200000
476 54544.800000
477 54555.150000
478 54570.700000
479 54570.650000
480 54570.650000
481 54555.100000
482 54549.850000
483 54549.850000
484 54534.250000
485 54523.900000
486 54534.300000
487 54539.500000
488 54524.050000
489 54513.600000
490 54508.400000
491 54503.200000
492 54487.600000
493 54482.450000
494 54477.300000
495 54461.750000
496 54461.750000
497 54456.550000
498 54456.600000
499 54451.400000
500 54441.000000
501 54430.600000
502 54451.400000
503 54441.000000
504 54425.500000
505 54420.300000
506 54415.100000
507 54389.200000
508 54404.650000
509 54399.450000
510 54399.450000
511 54399.450000
512 54383.900000
513 54389.100000
514 54373.550000
515 54368.350000
516 54352.800000
517 54347.650000
518 54342.450000
519 54326.900000
520 54326.850000
521 54300.900000
522 54306.050000
523 54300.900000
524 54295.650000
525 54295.650000
526 54295.650000
527 54295.700000
528 54295.750000
529 54285.450000
530 54285.450000
531 54285.400000
532 54290.600000
533 54280.200000
534 54285.350000
535 54280.150000
536 54280.050000
537 54264.500000
538 54254.150000
539 54243.800000
540 54233.500000
541 54212.750000
542 54207.550000
543 54212.650000
544 54207.350000
545 54207.400000
546 54191.800000
547 54186.650000
548 54181.550000
549 54181.500000
550 54171.100000
551 54150.350000
552 54155.600000
553 54150.400000
554 54150.400000
555 54140.050000
556 54145.300000
557 54150.400000
558 54145.200000
559 54119.300000
560 54114.100000
561 54103.700000
562 54103.700000
563 54077.750000
564 54082.900000
565 54062.150000
566 54036.300000
567 54036.300000
568 54041.500000
569 54036.300000
570 54015.500000
571 54010.350000
572 53994.700000
573 53979.150000
574 53968.800000
575 53974.000000
576 53958.450000
577 53942.900000
578 53937.700000
579 53927.300000
580 53916.900000
581 53916.950000
582 53906.500000
583 53890.950000
584 53870.200000
585 53859.800000
586 53844.300000
587 53828.700000
588 53823.500000
589 53828.700000
590 53839.100000
591 53818.300000
592 53823.500000
593 53813.150000
594 53813.100000
595 53807.950000
596 53802.750000
597 53797.550000
598 53792.400000
599 53787.200000
600 53787.200000
601 53792.400000
602 53787.200000
603 53787.200000
604 53782.000000
605 53766.400000
606 53766.400000
607 53771.600000
608 53761.200000
609 53740.500000
610 53750.850000
611 53756.050000
612 53766.400000
613 53756.050000
614 53750.900000
615 53735.350000
616 53730.150000
617 53719.750000
618 53704.200000
619 53724.950000
620 53719.800000
621 53709.350000
622 53714.550000
623 53719.750000
624 53724.950000
625 53745.700000
626 53735.400000
627 53725.000000
628 53724.950000
629 53719.750000
630 53704.150000
631 53698.950000
632 53698.950000
633 53683.350000
634 53683.400000
635 53673.000000
636 53673.000000
637 53641.850000
638 53641.850000
639 53631.450000
640 53641.850000
641 53631.500000
642 53631.450000
643 53626.200000
644 53626.200000
645 53615.800000
646 53615.800000
647 53600.250000
648 53615.850000
649 53605.550000
650 53595.150000
651 53595.150000
652 53589.950000
653 53584.750000
654 53584.750000
655 53574.450000
656 53595.250000
657 53600.400000
658 53590.000000
659 53584.800000
660 53579.650000
661 53579.650000
662 53574.450000
663 53584.750000
664 53584.750000
665 53579.550000
666 53569.150000
667 53579.600000
668 53569.250000
669 53569.250000
670 53558.850000
671 53538.100000
672 53548.500000
673 53538.050000
674 53538.050000
675 53543.250000
676 53538.050000
677 53543.250000
678 53543.300000
679 53532.950000
680 53522.550000
681 53512.150000
682 53517.300000
683 53501.750000
684 53506.950000
685 53481.050000
686 53465.450000
687 53460.250000
688 53449.900000
689 53444.700000
690 53434.250000
691 53423.850000
692 53418.700000
693 53413.550000
694 53408.350000
695 53392.750000
696 53397.950000
697 53392.800000
698 53377.250000
699 53372.100000
700 53356.500000
701 53356.500000
702 53356.550000
703 53356.550000
704 53341.000000
705 53335.800000
706 53330.550000
707 53335.750000
708 53315.050000
709 53315.000000
710 53289.000000
711 53268.250000
712 53268.250000
713 53263.050000
714 53257.850000
715 53257.850000
716 53263.050000
717 53257.850000
718 53252.650000
719 53226.700000
720 53221.550000
721 53205.950000
722 53195.600000
723 53195.600000
724 53200.800000
725 53200.850000
726 53195.650000
727 53174.850000
728 53159.250000
729 53159.250000
730 53143.700000
731 53128.100000
732 53112.500000
733 53096.950000
734 53091.750000
735 53081.350000
736 53065.750000
737 53070.950000
738 53034.750000
739 53024.350000
740 53013.950000
741 53008.700000
742 53003.500000
743 53008.700000
744 52977.600000
745 52972.400000
746 52982.700000
747 52987.900000
748 52987.900000
749 52987.950000
750 52987.950000
751 52972.350000
752 52961.950000
753 52951.600000
754 52961.950000
755 52956.750000
756 52956.800000
757 52946.400000
758 52925.600000
759 52930.800000
760 52915.250000
761 52904.950000
762 52904.900000
763 52889.400000
764 52889.400000
765 52884.200000
766 52879.050000
767 52873.850000
768 52889.450000
769 52858.250000
770 52853.050000
771 52832.300000
772 52806.350000
773 52801.100000
774 52764.750000
775 52769.950000
776 52775.150000
777 52759.600000
778 52764.850000
779 52759.700000
780 52744.050000
781 52728.450000
782 52733.650000
783 52718.100000
784 52718.050000
785 52712.850000
786 52697.250000
787 52697.300000
788 52712.850000
789 52712.900000
790 52692.100000
791 52671.350000
792 52666.100000
793 52655.800000
794 52661.050000
795 52635.200000
796 52619.600000
797 52593.550000
798 52578.050000
799 52578.050000
800 52552.100000
801 52546.850000
802 52546.850000
803 52552.150000
804 52536.550000
805 52510.650000
806 52495.050000
807 52489.850000
808 52479.500000
809 52453.500000
810 52432.800000
811 52422.400000
812 52412.050000
813 52391.250000
814 52375.650000
815 52360.100000
816 52360.150000
817 52334.250000
818 52323.900000
819 52303.100000
820 52292.750000
821 52277.150000
822 52266.750000
823 52266.750000
824 52256.350000
825 52256.300000
826 52256.250000
827 52240.650000
828 52230.300000
829 52209.600000
830 52183.650000
831 52194.000000
832 52183.600000
833 52173.200000
834 52168.050000
835 52157.700000
836 52147.300000
837 52147.300000
838 52136.900000
839 52147.300000
840 52136.900000
841 52136.900000
842 52121.350000
843 52126.600000
844 52116.200000
845 52116.200000
846 52105.800000
847 52105.800000
848 52090.250000
849 52069.500000
850 52064.300000
851 52053.950000
852 52038.350000
853 52027.950000
854 52022.700000
855 52001.900000
856 51991.600000
857 52002.000000
858 51970.900000
859 51991.650000
860 51986.450000
861 51965.600000
862 51944.850000
863 51934.500000
864 51913.750000
865 51918.950000
866 51903.400000
867 51898.250000
868 51893.100000
869 51887.850000
870 51877.500000
871 51872.250000
872 51872.250000
873 51872.250000
874 51856.650000
875 51856.650000
876 51841.150000
877 51836.000000
878 51846.400000
879 51830.750000
880 51830.800000
881 51794.450000
882 51778.950000
883 51784.100000
884 51763.300000
885 51747.700000
886 51742.550000
887 51727.000000
888 51721.800000
889 51706.200000
890 51701.050000
891 51685.500000
892 51685.550000
893 51664.750000
894 51664.750000
895 51664.750000
896 51623.250000
897 51602.450000
898 51576.500000
899 51581.750000
900 51576.550000
901 51592.150000
902 51581.750000
903 51576.500000
904 51566.100000
905 51550.500000
906 51550.550000
907 51545.350000
908 51535.000000
909 51509.050000
910 51493.450000
911 51488.200000
912 51467.500000
913 51477.900000
914 51483.100000
915 51472.700000
916 51462.300000
917 51462.300000
918 51467.500000
919 51467.500000
920 51472.750000
921 51462.350000
922 51446.750000
923 51431.150000
924 51436.400000
925 51410.400000
926 51425.950000
927 51415.600000
928 51405.200000
929 51384.400000
930 51368.850000
931 51363.700000
932 51348.150000
933 51317.050000
934 51322.150000
935 51311.800000
936 51291.150000
937 51296.300000
938 51285.900000
939 51285.900000
940 51265.100000
941 51275.500000
942 51244.400000
943 51228.750000
944 51223.500000
945 51197.500000
946 51197.500000
947 51171.600000
948 51150.850000
949 51145.650000
950 51145.650000
951 51140.500000
952 51130.150000
953 51125.000000
954 51114.600000
955 51093.900000
956 51083.500000
957 51078.400000
958 51083.600000
959 51068.100000
960 51068.050000
961 51068.050000
962 51068.050000
963 51042.150000
964 51016.150000
965 51026.550000
966 51010.950000
967 51011.000000
968 51026.500000
969 51026.450000
970 51031.700000
971 51010.950000
972 51000.600000
973 50995.400000
974 50964.250000
975 50959.000000
976 50948.600000
977 50922.650000
978 50922.650000
979 50907.050000
980 50896.700000
981 50901.850000
982 50912.200000
983 50912.250000
984 50917.400000
985 50901.900000
986 50886.350000
987 50891.500000
988 50875.900000
989 50881.100000
990 50834.400000
991 50844.750000
992 50818.850000
993 50803.250000
994 50798.050000
995 50808.450000
996 50803.250000
997 50787.750000
998 50767.000000
999 50777.400000
1000 50756.550000
1001 50741.000000
1002 50730.650000
1003 50725.500000
1004 50710.000000
1005 50730.650000
1006 50746.150000
1007 50741.000000
1008 50730.650000
1009 50704.800000
1010 50704.800000
1011 50673.650000
1012 50694.350000
1013 50673.600000
1014 50642.500000
1015 50616.550000
1016 50621.700000
1017 50606.100000
1018 50580.200000
1019 50564.600000
1020 50523.100000
1021 50507.550000
1022 50497.100000
1023 50476.300000
1024 50460.750000
1025 50445.250000
1026 50455.600000
1027 50455.600000
1028 50419.300000
1029 50408.900000
1030 50403.700000
1031 50393.300000
1032 50382.950000
1033 50346.550000
1034 50320.600000
1035 50305.100000
1036 50273.900000
1037 50268.700000
1038 50268.700000
1039 50237.550000
1040 50237.550000
1041 50227.200000
1042 50216.850000
1043 50232.450000
1044 50216.900000
1045 50206.500000
1046 50216.900000
1047 50201.300000
1048 50185.750000
1049 50185.800000
1050 50185.750000
1051 50175.400000
1052 50159.850000
1053 50144.300000
1054 50133.900000
1055 50113.150000
1056 50092.350000
1057 50082.000000
1058 50061.250000
1059 50014.500000
1060 49988.500000
1061 49962.550000
1062 49947.050000
1063 49921.200000
1064 49916.000000
1065 49905.600000
1066 49884.800000
1067 49879.550000
1068 49853.650000
1069 49853.600000
1070 49827.700000
1071 49817.300000
1072 49806.850000
1073 49791.250000
1074 49791.250000
1075 49770.550000
1076 49734.350000
1077 49697.950000
1078 49666.800000
1079 49682.400000
1080 49666.850000
1081 49656.400000
1082 49651.250000
1083 49625.300000
1084 49620.050000
1085 49583.750000
1086 49578.550000
1087 49573.350000
1088 49563.000000
1089 49568.250000
1090 49537.050000
1091 49516.350000
1092 49511.150000
1093 49490.400000
1094 49474.850000
1095 49454.050000
1096 49443.650000
1097 49412.600000
1098 49386.600000
1099 49355.450000
1100 49355.450000
1101 49334.700000
1102 49334.750000
1103 49314.050000
1104 49303.650000
1105 49288.100000
1106 49277.700000
1107 49272.550000
1108 49241.350000
1109 49246.550000
1110 49246.550000
1111 49199.850000
1112 49189.400000
1113 49168.600000
1114 49127.150000
1115 49121.900000
1116 49106.400000
1117 49085.600000
1118 49049.300000
1119 49018.150000
1120 48971.350000
1121 48960.950000
1122 48924.650000
1123 48903.950000
1124 48883.050000
1125 48841.600000
1126 48820.850000
1127 48794.950000
1128 48769.050000
1129 48769.150000
1130 48743.150000
1131 48701.600000
1132 48680.850000
1133 48654.800000
1134 48649.700000
1135 48649.700000
1136 48623.750000
1137 48602.900000
1138 48602.950000
1139 48587.450000
1140 48561.450000
1141 48551.100000
1142 48530.300000
1143 48514.750000
1144 48488.750000
1145 48478.400000
1146 48473.350000
1147 48457.700000
1148 48426.650000
1149 48416.100000
1150 48416.050000
1151 48395.450000
1152 48390.200000
1153 48379.900000
1154 48359.100000
1155 48333.200000
1156 48348.650000
1157 48333.050000
1158 48307.150000
1159 48302.000000
1160 48302.000000
1161 48281.150000
1162 48276.000000
1163 48244.900000
1164 48203.500000
1165 48161.900000
1166 48146.300000
1167 48146.300000
1168 48115.200000
1169 48130.750000
1170 48099.650000
1171 48104.900000
1172 48078.950000
1173 48053.000000
1174 48042.600000
1175 48032.250000
1176 48011.450000
1177 48001.050000
1178 47964.800000
1179 47944.000000
1180 47928.450000
1181 47923.250000
1182 47918.050000
1183 47923.200000
1184 47944.050000
1185 47918.050000
1186 47912.850000
1187 47902.500000
1188 47876.550000
1189 47850.600000
1190 47840.150000
1191 47845.400000
1192 47819.350000
1193 47793.450000
1194 47793.450000
1195 47772.700000
1196 47752.050000
1197 47752.050000
1198 47762.400000
1199 47731.300000
1200 47720.950000
1201 47715.750000
1202 47726.150000
1203 47689.750000
1204 47668.950000
1205 47674.150000
1206 47663.800000
1207 47648.200000
1208 47622.250000
1209 47611.900000
1210 47606.650000
1211 47601.500000
1212 47554.800000
1213 47528.900000
1214 47518.450000
1215 47502.900000
1216 47476.950000
1217 47487.350000
1218 47471.750000
1219 47430.250000
1220 47393.900000
1221 47383.500000
1222 47352.300000
1223 47352.400000
1224 47347.200000
1225 47321.250000
1226 47295.400000
1227 47290.200000
1228 47274.650000
1229 47238.300000
1230 47227.950000
1231 47186.400000
1232 47155.200000
1233 47129.250000
1234 47124.050000
1235 47082.550000
1236 47077.350000
1237 47067.000000
1238 47051.450000
1239 47035.900000
1240 47020.250000
1241 46999.400000
1242 46989.000000
1243 46958.050000
1244 46947.600000
1245 46911.250000
1246 46885.300000
1247 46869.700000
1248 46869.700000
1249 46843.700000
1250 46817.800000
1251 46797.100000
1252 46781.450000
1253 46750.450000
1254 46740.000000
1255 46729.550000
1256 46703.700000
1257 46662.250000
1258 46641.500000
1259 46641.450000
1260 46620.650000
1261 46594.650000
1262 46584.300000
1263 46558.450000
1264 46542.900000
1265 46542.950000
1266 46516.950000
1267 46511.800000
1268 46506.550000
1269 46491.000000
1270 46516.900000
1271 46506.600000
1272 46516.900000
1273 46485.800000
1274 46454.700000
1275 46454.700000
1276 46428.700000
1277 46407.950000
1278 46382.050000
1279 46371.550000
1280 46371.600000
1281 46345.550000
1282 46340.400000
1283 46330.050000
1284 46314.450000
1285 46309.250000
1286 46278.200000
1287 46241.850000
1288 46215.900000
1289 46174.500000
1290 46158.850000
1291 46143.350000
1292 46117.350000
1293 46096.600000
1294 46075.800000
1295 46081.050000
1296 46060.300000
1297 46039.600000
1298 46018.850000
1299 46003.300000
1300 45987.800000
1301 45972.200000
1302 45987.700000
1303 45972.100000
1304 45946.200000
1305 45951.300000
1306 45940.900000
1307 45920.100000
1308 45883.850000
1309 45863.050000
1310 45857.850000
1311 45842.350000
1312 45811.200000
1313 45800.850000
1314 45811.250000
1315 45800.800000
1316 45785.200000
1317 45774.900000
1318 45769.650000
1319 45764.400000
1320 45785.300000
1321 45769.700000
1322 45764.500000
1323 45754.100000
1324 45702.200000
1325 45717.800000
1326 45702.300000
1327 45676.350000
1328 45676.350000
1329 45645.200000
1330 45640.000000
1331 45624.400000
1332 45603.650000
1333 45572.550000
1334 45536.200000
1335 45520.600000
1336 45520.600000
1337 45494.600000
1338 45453.250000
1339 45453.250000
1340 45458.400000
1341 45432.500000
1342 45396.100000
1343 45375.250000
1344 45375.250000
1345 45359.750000
1346 45359.750000
1347 45328.550000
1348 45287.000000
1349 45276.700000
1350 45250.700000
1351 45203.950000
1352 45198.750000
1353 45177.950000
1354 45167.550000
1355 45152.150000
1356 45141.700000
1357 45131.350000
1358 45105.600000
1359 45115.900000
1360 45084.750000
1361 45058.800000
1362 45027.500000
1363 45001.600000
1364 44996.350000
1365 44975.650000
1366 44970.500000
1367 44960.100000
1368 44954.850000
1369 44934.100000
1370 44918.650000
1371 44882.350000
1372 44814.850000
1373 44768.100000
1374 44747.400000
1375 44700.700000
1376 44700.700000
1377 44669.550000
1378 44659.150000
1379 44628.000000
1380 44627.950000
1381 44602.050000
1382 44570.950000
1383 44555.350000
1384 44529.350000
1385 44493.000000
1386 44451.550000
1387 44430.800000
1388 44410.100000
1389 44389.400000
1390 44368.600000
1391 44337.400000
1392 44301.100000
1393 44290.650000
1394 44280.250000
1395 44264.650000
1396 44243.950000
1397 44254.250000
1398 44207.600000
1399 44176.500000
1400 44160.950000
1401 44150.500000
1402 44134.950000
1403 44124.600000
1404 44129.950000
1405 44093.650000
1406 44041.650000
1407 44041.650000
1408 44020.900000
1409 43994.950000
1410 43953.500000
1411 43927.550000
1412 43885.950000
1413 43880.700000
1414 43901.450000
1415 43891.200000
1416 43865.250000
1417 43828.900000
1418 43818.550000
1419 43787.400000
1420 43771.700000
1421 43756.100000
1422 43751.000000
1423 43730.200000
1424 43688.750000
1425 43683.500000
1426 43652.350000
1427 43636.800000
1428 43595.300000
1429 43600.500000
1430 43590.150000
1431 43579.750000
1432 43574.600000
1433 43512.250000
1434 43501.850000
1435 43491.550000
1436 43496.800000
1437 43496.850000
1438 43481.250000
1439 43486.400000
1440 43450.050000
1441 43413.700000
1442 43403.300000
1443 43367.050000
1444 43372.250000
1445 43346.350000
1446 43335.950000
1447 43315.100000
1448 43278.800000
1449 43258.000000
1450 43263.150000
1451 43237.200000
1452 43200.800000
1453 43169.800000
1454 43174.950000
1455 43149.000000
1456 43149.000000
1457 43128.300000
1458 43092.050000
1459 43066.100000
1460 43040.200000
1461 43029.750000
1462 42988.200000
1463 42936.350000
1464 42936.350000
1465 42920.700000
1466 42915.500000
1467 42889.500000
1468 42863.550000
1469 42842.800000
1470 42806.500000
1471 42790.950000
1472 42744.300000
1473 42723.545000
1474 42702.765000
1475 42702.800000
1476 42692.360000
1477 42681.960000
1478 42650.850000
1479 42640.460000
1480 42604.125000
1481 42604.105000
1482 42573.025000
1483 42536.685000
1484 42495.200000
1485 42484.885000
1486 42469.360000
1487 42469.270000
1488 42458.880000
1489 42427.740000
1490 42401.750000
1491 42370.610000
1492 42334.275000
1493 42287.585000
1494 42246.115000
1495 42225.415000
1496 42183.875000
1497 42152.750000
1498 42126.850000
1499 42095.700000
1500 42033.380000
1501 41986.650000
1502 41955.560000
1503 41924.485000
1504 41908.885000
1505 41872.445000
1506 41856.855000
1507 41794.485000
1508 41732.180000
1509 41695.930000
1510 41638.960000
1511 41623.420000
1512 41581.885000
1513 41550.845000
1514 41509.155000
1515 41462.605000
1516 41410.715000
1517 41358.765000
1518 41306.935000
1519 41249.745000
1520 41213.295000
1521 41161.595000
1522 41078.610000
1523 41016.380000
1524 40979.980000
1525 40948.780000
1526 40865.700000
1527 40788.050000
1528 40746.500000
1529 40725.660000
1530 40658.260000
1531 40570.045000
1532 40559.605000
1533 40523.325000
1534 40512.935000
1535 40476.575000
1536 40403.845000
1537 40341.595000
1538 40289.745000
1539 40232.610000
1540 40149.630000
1541 40087.300000
1542 40019.870000
1543 39993.910000
1544 39936.780000
1545 39900.380000
1546 39848.680000
1547 39744.930000
1548 39677.504000
1549 39620.364500
1550 39558.064500
1551 39475.014500
1552 39438.754000
1553 39402.314500
1554 39376.414500
1555 39282.986000
1556 39267.525000
1557 39241.536000
1558 39132.596500
1559 39101.496500
1560 39049.496500
1561 39002.736000
1562 38945.796500
1563 38909.446500
1564 38836.746500
1565 38769.346500
1566 38748.536000
1567 38701.775000
1568 38644.786000
1569 38592.836000
1570 38540.936000
1571 38463.096500
1572 38416.346500
1573 38343.646500
1574 38333.346500
1575 38297.046500
1576 38255.507000
1577 38208.807000
1578 38141.407000
1579 38063.557000
1580 38068.746500
1581 38006.486000
1582 37964.986000
1583 37897.486000
1584 37809.275000
1585 37788.475000
1586 37684.825000
1587 37617.275000
1588 37560.196500
1589 37513.436000
1590 37451.186000
1591 37435.675000
1592 37388.936000
1593 37310.946500
1594 37259.146500
1595 37217.686000
1596 37171.086000
1597 37165.886000
1598 37134.736000
1599 37067.236000
1600 37041.286000
1601 36958.186000
1602 36833.796500
1603 36854.396500
1604 36792.096500
1605 36683.157000
1606 36646.957000
1607 36568.918000
1608 36470.318000
1609 36454.818000
1610 36366.618000
1611 36351.018000
1612 36278.368000
1613 36262.818000
1614 36190.118000
1615 36169.489500
1616 36070.889500
1617 36003.389500
1618 35941.139500
1619 35873.678500
1620 35785.428500
1621 35718.078500
1622 35660.939500
1623 35603.889500
1624 35577.839500
1625 35494.868000
1626 35406.728500
1627 35365.178500
1628 35282.068000
1629 35209.457000
1630 35147.196500
1631 35064.236000
1632 35022.586000
1633 34960.296500
1634 34903.207000
1635 34851.357000
1636 34794.307000
1637 34737.118000
1638 34674.918000
1639 34602.268000
1640 34571.118000
1641 34519.268000
1642 34462.207000
1643 34363.652000
1644 34311.802000
1645 34228.683000
1646 34181.922000
1647 34130.011500
1648 34036.730000
1649 34005.600000
1650 33938.065000
1651 33896.565000
1652 33839.496000
1653 33787.756500
1654 33756.456500
1655 33637.076500
1656 33637.066000
1657 33590.426000
1658 33517.796500
1659 33517.786000
1660 33481.396000
1661 33419.171500
1662 33356.881500
1663 33247.871000
1664 33175.221000
1665 33061.091000
1666 32998.750000
1667 32957.300000
1668 32858.739000
1669 32749.645000
1670 32744.420000
1671 32661.445000
1672 32593.980000
1673 32578.495000
1674 32469.470000
1675 32474.680000
1676 32370.870000
1677 32313.730000
1678 32246.440000
1679 32241.130000
1680 32194.420000
1681 32101.055000
1682 32012.935000
1683 31934.885000
1684 31841.595000
1685 31711.915000
1686 31649.525000
1687 31571.805000
1688 31519.905000
1689 31410.930000
1690 31374.500000
1691 31327.840000
1692 31244.890000
1693 31146.130000
1694 31094.370000
1695 31006.055000
1696 30928.320000
1697 30845.105000
1698 30772.410000
1699 30751.800000
1700 30684.290000
1701 30627.300000
1702 30544.290000
1703 30461.160000
1704 30445.600000
1705 30372.910000
1706 30284.760000
1707 30258.970000
1708 30212.130000
1709 30165.340000
1710 30103.105000
1711 30061.705000
1712 29963.055000
1713 29880.135000
1714 29823.049000
1715 29739.949000
1716 29693.239000
1717 29636.150000
1718 29568.629000
1719 29495.999000
1720 29433.714000
1721 29340.374500
1722 29241.774500
1723 29127.534500
1724 29075.636000
1725 28982.376000
1726 28940.736500
1727 28888.865000
1728 28743.525000
1729 28691.574000
1730 28639.839000
1731 28561.949000
1732 28530.830000
1733 28426.959000
1734 28338.819000
1735 28276.479500
1736 28245.469500
1737 28177.980000
1738 28084.441000
1739 28063.751500
1740 28001.511500
1741 27918.521500
1742 27892.442000
1743 27809.478000
1744 27731.717000
1745 27659.026500
1746 27570.766500
1747 27482.566500
1748 27425.556500
1749 27358.087000
1750 27249.097000
1751 27202.408000
1752 27077.838000
1753 26999.898000
1754 26932.478500
1755 26854.638500
1756 26781.998500
1757 26704.138500
1758 26646.978000
1759 26553.718000
1760 26465.498000
1761 26361.688000
1762 26288.938000
1763 26159.238000
1764 26091.658000
1765 25998.468000
1766 25946.608000
1767 25842.688000
1768 25785.653000
1769 25775.313500
1770 25692.223500
1771 25629.938500
1772 25526.098500
1773 25443.258500
1774 25328.988500
1775 25271.948000
1776 25199.186500
1777 25111.031500
1778 25038.417000
1779 24996.908500
1780 24939.798500
1781 24877.547000
1782 24872.352000
1783 24737.403000
1784 24675.078000
1785 24669.926500
1786 24633.646500
1787 24550.656000
1788 24467.476000
1789 24363.721000
1790 24275.581000
1791 24218.470000
1792 24182.020000
1793 24176.896000
1794 24042.056000
1795 23959.014500
1796 23922.704500
1797 23824.075000
1798 23730.800000
1799 23611.358000
1800 23538.619000
1801 23455.639000
1802 23388.174500
1803 23357.034500
1804 23299.949500
1805 23242.859500
1806 23154.631000
1807 23076.820000
1808 22978.270000
1809 22936.804500
1810 22869.239500
1811 22744.664000
1812 22640.839500
1813 22526.834500
1814 22480.059000
1815 22443.715000
1816 22376.260000
1817 22236.184500
1818 22173.829500
1819 22070.029500
1820 22018.280000
1821 21903.995000
1822 21841.805000
1823 21789.835000
1824 21686.050000
1825 21587.510000
1826 21525.285000
1827 21442.285000
1828 21369.595000
1829 21291.794000
1830 21245.095000
1831 21177.575000
1832 21078.885000
1833 21021.830000
1834 20933.600000
1835 20814.360000
1836 20715.740000
1837 20684.600000
1838 20565.270000
1839 20487.375000
1840 20435.535000
1841 20331.805000
1842 20248.725000
1843 20155.265000
1844 20009.880000
1845 19978.860000
1846 19895.885000
1847 19859.515000
1848 19771.245000
1849 19688.220000
1850 19625.860000
1851 19537.755000
1852 19434.000000
1853 19366.530000
1854 19247.085000
1855 19210.805000
1856 19112.210000
1857 19075.815000
1858 19029.185000
1859 18961.715000
1860 18857.885000
1861 18717.790000
1862 18660.745000
1863 18546.540000
1864 18468.655000
1865 18302.745000
1866 18250.865000
1867 18167.820000
1868 18147.010000
1869 18053.620000
1870 17949.750000
1871 17877.145000
1872 17747.470000
1873 17612.445000
1874 17519.150000
1875 17477.620000
1876 17368.705000
1877 17321.975000
1878 17192.225000
1879 17062.509000
1880 17031.245000
1881 16906.740000
1882 16782.315000
1883 16735.655000
1884 16683.620000
1885 16564.285000
1886 16476.065000
1887 16444.865000
1888 16408.485000
1889 16315.205000
1890 16258.135000
1891 16154.325000
1892 16066.025000
1893 15983.080000
1894 15894.855000
1895 15791.059000
1896 15687.274500
1897 15604.264000
1898 15500.509000
1899 15355.129000
1900 15287.674000
1901 15209.890000
1902 15131.944000
1903 15033.434500
1904 14965.984000
1905 14841.419000
1906 14763.674500
1907 14732.514000
1908 14706.484000
1909 14581.904500
1910 14530.024500
1911 14472.944000
1912 14410.625000
1913 14280.875000
1914 14203.155000
1915 14145.990000
1916 14062.985000
1917 13980.065000
1918 13974.840000
1919 13933.250000
1920 13844.980000
1921 13715.385000
1922 13569.955000
1923 13512.955000
1924 13435.165000
1925 13326.145000
1926 13237.955000
1927 13128.985000
1928 12999.185000
1929 12905.775000
1930 12833.095000
1931 12724.180000
1932 12708.655000
1933 12661.895000
1934 12573.580000
1935 12511.450000
1936 12464.730000
1937 12407.670000
1938 12329.730000
1939 12257.235000
1940 12148.130000
1941 12002.840000
1942 11940.594000
1943 11893.940000
1944 11805.689500
1945 11753.739500
1946 11686.294500
1947 11577.255000
1948 11442.446000
1949 11369.821500
1950 11317.866500
1951 11224.542000
1952 11146.732000
1953 11048.007000
1954 10985.726500
1955 10918.271000
1956 10850.801500
1957 10772.997000
1958 10669.238000
1959 10658.828000
1960 10596.535500
1961 10482.436000
1962 10357.791500
1963 10305.904000
1964 10274.874500
1965 10197.025000
1966 10129.595000
1967 10067.239500
1968 10010.144500
1969 9916.749500
1970 9838.878000
1971 9792.218500
1972 9719.558500
1973 9641.670000
1974 9620.954500
1975 9558.674000
1976 9470.480000
1977 9397.824500
1978 9356.339500
1979 9299.188500
1980 9247.303000
1981 9164.283000
1982 9050.142000
1983 8977.532500
1984 8915.228000
1985 8832.197000
1986 8832.171500
1987 8863.331000
1988 8728.355500
1989 8640.219000
1990 8619.449500
1991 8526.038000
1992 8520.889000
1993 8396.229500
1994 8328.837000
1995 8235.401500
1996 8193.936500
1997 8126.439000
1998 8007.053500
1999 7939.629000
2000 7846.187000
2001 7789.166500
2002 7737.286500
2003 7721.628000
2004 7695.690500
2005 7654.162500
2006 7633.487000
2007 7545.239500
2008 7472.595000
2009 7410.303500
2010 7358.391000
2011 7296.162000
2012 7244.235000
2013 7181.974000
2014 7161.246000
2015 7073.023500
2016 6979.655000
2017 6855.063000
2018 6818.734000
2019 6761.649500
2020 6683.838500
2021 6606.000000
2022 6569.634500
2023 6543.678500
2024 6445.106000
2025 6388.024500
2026 6341.307000
2027 6273.845000
2028 6247.910500
2029 6201.237500
2030 6175.267000
2031 6138.918000
2032 6097.405500
2033 6050.695500
2034 6004.043500
2035 5952.120500
2036 5869.097000
2037 5863.895000
2038 5812.043500
2039 5749.747500
2040 5723.793000
2041 5703.057500
2042 5635.611000
2043 5614.853000
2044 5599.237000
2045 5625.194000
2046 5645.935500
2047 5557.768500
2048 5511.020500
2049 5459.165500
2050 5391.677500
2051 5360.555000
2052 5339.792000
2053 5277.553500
2054 5178.908000
2055 5132.171500
2056 5101.070500
2057 5059.546500
2058 5007.630000
2059 4981.707500
2060 4898.685000
2061 4836.402500
2062 4836.475500
2063 4836.419000
2064 4815.677000
2065 4815.670000
2066 4779.319000
2067 4722.232000
2068 4634.048500
2069 4639.241500
2070 4587.376000
2071 4540.670000
2072 4514.680500
2073 4457.623000
2074 4447.269000
2075 4395.390000
2076 4353.833500
2077 4359.021500
2078 4322.701500
2079 4260.388500
2080 4244.892500
2081 4218.905000
2082 4229.300500
2083 4156.618000
2084 4083.992000
2085 4047.698500
2086 4037.267000
2087 3985.372000
2088 3969.825000
2089 3943.884000
2090 3897.145000
2091 3876.376500
2092 3860.881500
2093 3819.350000
2094 3782.992500
2095 3762.263500
2096 3736.322500
2097 3689.612500
2098 3679.246000
2099 3694.791000
2100 3663.662000
2101 3658.492000
2102 3668.839500
2103 3674.008500
2104 3653.271000
2105 3627.331500
2106 3642.917000
2107 3617.000000
2108 3585.832000
2109 3565.042500
2110 3544.299500
2111 3523.502500
2112 3471.645000
2113 3487.262500
2114 3466.423000
2115 3471.669500
2116 3450.890500
2117 3404.183500
2118 3388.605500
2119 3383.405500
2120 3331.548000
2121 3331.555500
2122 3331.542500
2123 3315.936000
2124 3295.217500
2125 3269.248500
2126 3238.108000
2127 3227.707000
2128 3232.897000
2129 3222.566500
2130 3212.206000
2131 3196.577000
2132 3191.444500
2133 3165.467000
2134 3123.978000
2135 3144.745500
2136 3118.788500
2137 3103.188000
2138 3082.470000
2139 3066.895000
2140 3004.617000
2141 3020.176000
2142 3004.625500
2143 2994.237500
2144 2952.692000
2145 2921.595000
2146 2947.552500
2147 2921.582500
2148 2947.527500
2149 2911.219000
2150 2864.494500
2151 2880.072500
2152 2895.593500
2153 2895.633000
2154 2874.914000
2155 2869.712000
2156 2869.705000
2157 2859.326500
2158 2838.535500
2159 2796.997500
2160 2729.604000
2161 2698.457500
2162 2698.432500
2163 2703.645500
2164 2651.733500
2165 2630.941500
2166 2589.483000
2167 2573.918000
2168 2553.148500
2169 2547.948500
2170 2522.029500
2171 2506.399500
2172 2506.399000
2173 2506.453000
2174 2470.107000
2175 2407.875500
2176 2413.043000
2177 2418.199500
2178 2397.431000
2179 2381.921500
2180 2366.335000
2181 2335.198000
2182 2329.997500
2183 2309.240500
2184 2319.609000
2185 2293.639000
2186 2278.129000
2187 2257.341500
2188 2205.454500
2189 2210.643500
2190 2169.121000
2191 2174.296500
2192 2153.562000
2193 2174.318500
2194 2163.966000
2195 2153.556000
2196 2137.997000
2197 2117.237500
2198 2143.183000
2199 2153.560500
2200 2153.560500
2201 2148.350500
2202 2122.438000
2203 2096.475500
2204 2049.778500
2205 2034.200000
2206 2034.221000
2207 2034.197000
2208 2029.019000
2209 1997.850500
2210 1966.733000
2211 1930.386500
2212 1940.775500
2213 1945.955000
2214 1951.154500
2215 1977.101500
2216 1956.390000
2217 1946.001500
2218 1925.222500
2219 1909.701500
2220 1909.690500
2221 1878.533500
2222 1873.344500
2223 1857.765500
2224 1852.587000
2225 1837.026000
2226 1826.636500
2227 1774.721500
2228 1779.901000
2229 1774.712000
2230 1759.162000
2231 1769.551000
2232 1779.948500
2233 1743.591000
2234 1733.259000
2235 1702.101000
2236 1676.144000
2237 1681.322000
2238 1681.322500
2239 1686.523000
2240 1686.541500
2241 1702.098500
2242 1707.277000
2243 1665.770000
2244 1650.191000
2245 1644.980500
2246 1613.873000
2247 1598.283000
2248 1572.355500
2249 1546.416500
2250 1525.619000
2251 1510.119000
2252 1504.919500
2253 1515.297000
2254 1489.347500
2255 1494.515500
2256 1484.137000
2257 1478.947500
2258 1478.966000
2259 1473.755000
2260 1447.826500
2261 1442.626500
2262 1442.644500
2263 1427.044500
2264 1447.801500
2265 1411.473000
2266 1385.555500
2267 1385.544500
2268 1385.534000
2269 1401.123500
2270 1385.523500
2271 1364.808000
2272 1333.638500
2273 1312.870500
2274 1286.941000
2275 1318.087000
2276 1297.320000
2277 1266.202000
2278 1250.648500
2279 1235.058000
2280 1235.058000
2281 1235.068000
2282 1224.689500
2283 1224.689000
2284 1209.099500
2285 1193.520500
2286 1198.709000
2287 1177.979000
2288 1162.403500
2289 1157.233000
2290 1167.590500
2291 1152.019000
2292 1146.818500
2293 1126.065000
2294 1120.914500
2295 1089.756000
2296 1089.766500
2297 1084.556000
2298 1074.193000
2299 1027.482500
2300 1037.850500
2301 1017.111000
2302 1017.083000
2303 1022.311500
2304 975.584500
2305 970.402500
2306 970.390000
2307 960.015000
2308 934.098000
2309 928.887000
2310 928.886000
2311 902.927500
2312 892.562000
2313 866.618000
2314 856.237500
2315 845.857500
2316 851.046000
2317 856.235000
2318 851.049500
2319 830.294000
2320 814.724000
2321 809.534000
2322 809.532500
2323 793.963500
2324 793.962000
2325 778.393000
2326 793.961500
2327 768.013000
2328 752.454000
2329 747.263000
2330 736.883500
2331 721.313500
2332 705.744000
2333 710.934000
2334 705.743000
2335 695.365500
2336 684.989000
2337 659.046000
2338 643.474500
2339 643.473500
2340 643.471500
2341 622.717000
2342 622.717500
2343 612.338000
2344 581.200500
2345 560.445500
2346 555.255500
2347 570.824500
2348 565.638500
2349 555.258500
2350 534.499000
2351 524.119000
2352 508.551000
2353 513.744500
2354 524.122500
2355 492.983500
2356 492.984000
2357 498.177500
2358 482.608000
2359 467.039500
2360 467.039000
2361 482.606500
2362 467.036000
2363 461.846500
2364 446.278500
2365 446.277500
2366 446.281500
2367 446.281500
2368 430.715500
2369 404.768000
2370 409.957000
2371 389.199000
2372 378.820000
2373 373.630000
2374 373.630000
2375 373.629000
2376 342.492000
2377 337.301500
2378 321.737000
2379 321.736000
2380 332.114500
2381 332.114000
2382 316.549500
2383 306.169000
2384 306.169000
2385 295.788500
2386 290.603000
2387 259.467000
2388 254.275500
2389 249.086500
2390 238.711000
2391 233.521500
2392 233.521500
2393 228.332500
2394 238.706500
2395 233.517000
2396 228.331000
2397 223.141000
2398 207.573000
2399 192.005000
2400 181.626500
2401 176.436500
2402 176.436000
2403 160.868000
2404 150.493500
2405 150.493000
2406 145.303500
2407 129.735000
2408 124.544500
2409 103.786500
2410 108.975500
2411 119.355500
2412 114.165500
2413 134.922500
2414 114.165000
2415 124.544000
2416 114.164500
2417 119.354000
2418 119.353500
2419 114.163500
2420 119.352500
2421 108.978000
2422 114.163000
2423 98.599000
2424 103.788000
2425 93.408000
2426 93.408000
2427 98.597000
2428 98.597000
2429 93.407000
2430 77.840500
2431 98.597000
2432 93.408500
2433 77.840500
2434 67.462000
2435 62.272500
2436 67.462000
2437 62.273000
2438 62.273000
2439 57.083500
2440 62.272000
2441 57.082500
2442 62.272000
2443 62.271500
2444 67.461000
2445 72.650500
2446 77.840000
2447 77.840000
2448 83.029500
2449 83.029500
2450 77.840000
2451 72.651000
2452 72.650500
2453 72.650500
2454 67.461000
2455 57.082500
2456 57.082500
2457 51.893500
2458 46.704000
2459 51.893500
2460 51.893500
2461 46.704500
2462 41.515000
2463 36.325500
2464 25.947500
2465 31.136500
2466 46.704500
2467 36.326000
2468 41.515500
2469 36.325500
2470 25.947000
2471 25.947500
2472 20.758000
2473 20.757500
2474 25.947000
2475 36.326000
2476 25.947000
2477 20.758000
2478 36.326000
2479 31.136500
2480 31.136500
2481 15.568500
2482 15.568500
2483 25.947500
2484 25.947500
2485 25.947500
2486 20.758000
2487 25.947500
2488 36.325500
2489 41.515000
2490 46.704500
2491 51.894000
2492 31.136500
2493 36.325500
2494 46.704500
2495 46.704500
2496 36.326500
2497 36.326000
2498 31.136500
2499 41.515500
2500 36.326000
2501 41.515500
2502 36.326000
2503 31.136500
2504 25.947500
2505 15.568500
2506 10.379000
2507 15.568500
2508 15.568500
2509 5.189500
2510 5.189500
2511 10.379000
2512 10.379000
2513 10.379000
2514 15.568000
2515 15.568000
2516 10.379000
2517 10.379000
2518 10.379000
2519 5.189500
2520 10.379000
2521 10.379000
2522 5.189500
2523 5.189500
2524 10.379000
2525 15.568500
2526 15.568000
2527 15.568000
2528 10.378500
2529 5.189500
2530 5.189500
2531 5.189500
2532 10.379000
2533 10.379000
2534 10.379000
2535 10.379000
2536 15.568500
2537 20.758000
2538 20.757500
2539 20.757500
2540 20.757500
2541 20.757500
2542 20.757500
2543 20.757500
2544 25.946500
2545 36.325500
2546 31.136000
2547 20.757500
2548 25.947000
2549 15.568000
2550 5.189500
2551 10.378500
2552 10.378500
2553 5.189500
2554 5.189500
2555 5.189500
2556 15.568500
2557 25.947000
2558 20.757500
2559 20.757500
2560 25.946500
2561 31.136500
2562 36.326000
2563 36.325500
2564 36.326000
2565 36.326000
2566 41.515000
2567 31.136500
2568 36.326000
2569 36.326000
2570 36.325500
2571 36.325500
2572 31.136000
2573 31.136500
2574 25.947000
2575 25.947000
2576 25.947500
2577 20.758000
2578 25.947500
2579 20.758000
2580 25.947500
2581 20.758000
2582 20.758000
2583 31.136500
2584 25.947500
2585 15.568500
2586 10.379000
2587 10.379000
2588 15.568500
2589 15.568500
2590 10.379000
2591 5.189500
2592 10.379000
2593 15.568000
2594 15.568000
2595 15.568000
2596 15.568000
2597 10.379000
2598 15.568500
2599 10.379000
2600 5.189500
2601 10.379000
2602 10.379000
2603 10.379000
2604 10.379000
2605 10.379000
2606 10.379000
2607 10.379000
2608 10.379000
2609 0.000000
2610 0.000000
2611 0.000000
2612 0.000000
2613 0.000000
2614 0.000000
2615 10.379000
2616 10.379000
2617 10.379000
2618 10.379000
2619 10.379000
2620 10.379000
2621 5.189500
2622 5.189500
2623 5.189500
2624 10.379000
2625 10.379000
2626 10.379000
2627 15.568500
2628 15.568500
2629 15.568500
2630 15.568500
2631 15.568500
2632 10.379000
2633 5.189500
2634 5.189500
2635 10.379000
2636 0.000000
2637 0.000000
2638 0.000000
2639 5.189500
2640 5.189500
2641 5.189500
2642 10.379000
2643 10.379000
2644 10.379000
2645 10.379000
2646 10.379000
2647 10.379000
2648 5.189500
2649 0.000000
2650 0.000000
2651 0.000000
2652 0.000000
2653 5.189500
2654 5.189500
2655 0.000000
2656 0.000000
2657 0.000000
2658 5.189500
2659 10.379000
2660 15.568000
2661 10.379000
2662 10.379000
2663 10.379000
2664 10.379000
2665 10.379000
2666 10.379000
2667 15.568500
2668 15.568500
2669 25.947500
2670 25.947000
2671 15.568500
2672 10.379000
2673 10.379000
2674 20.758000
2675 15.568500
2676 15.568500
2677 15.568500
2678 5.189500
2679 10.379000
2680 5.189500
2681 0.000000
2682 0.000000
2683 0.000000
2684 10.379000
2685 5.189500
2686 5.189500
2687 5.189500
2688 5.189500
2689 5.189500
2690 5.189500
2691 5.189500
2692 5.189500
2693 5.189500
2694 0.000000
2695 5.189500
2696 10.379000
2697 15.568500
2698 15.568500
2699 15.568500
2700 15.568500
2701 20.757500
2702 20.757500
2703 20.757500
2704 15.568000
2705 15.568000
2706 20.757500
2707 10.378500
2708 10.378500
2709 10.378500
2710 10.378500
2711 20.757000
2712 15.568500
2713 25.947500
2714 31.136500
2715 15.568500
2716 25.947000
2717 15.568500
2718 15.568500
2719 15.568500
2720 10.379000
2721 10.379000
2722 15.568500
2723 10.379000
2724 10.379000
2725 10.379000
2726 15.568500
2727 15.568500
2728 20.758000
2729 20.758000
2730 15.568500
2731 15.568500
2732 25.947000
2733 15.568000
2734 15.568000
2735 15.568000
2736 15.568000
2737 15.568000
2738 15.568000
2739 10.378500
2740 10.378500
2741 20.757500
2742 10.379000
2743 5.189500
2744 5.189500
2745 5.189500
2746 5.189500
2747 5.189500
2748 5.189500
2749 5.189500
2750 5.189500
2751 5.189500
2752 5.189500
2753 5.189500
2754 5.189500
2755 5.189500
2756 5.189500
2757 5.189500
2758 5.189500
2759 5.189500
2760 5.189500
2761 5.189500
2762 0.000000
2763 0.000000
2764 0.000000
2765 0.000000
2766 0.000000
2767 0.000000
2768 0.000000
2769 0.000000
2770 5.189500
2771 5.189500
2772 5.189500
2773 5.189500
2774 0.000000
2775 0.000000
2776 0.000000
2777 0.000000
2778 0.000000
2779 0.000000
2780 0.000000
2781 0.000000
2782 0.000000
2783 0.000000
2784 0.000000
2785 0.000000
2786 0.000000
2787 0.000000
2788 0.000000
2789 0.000000
2790 0.000000
2791 0.000000
2792 0.000000
2793 0.000000
2794 5.189500
2795 5.189500
2796 5.189500
2797 0.000000
2798 0.000000
2799 0.000000
2800 0.000000
2801 0.000000
2802 0.000000
2803 0.000000
2804 0.000000
2805 0.000000
2806 0.000000
2807 0.000000
2808 0.000000
2809 0.000000
2810 0.000000
2811 0.000000
2812 0.000000
2813 0.000000
2814 0.000000
2815 0.000000
2816 0.000000
2817 0.000000
2818 0.000000
2819 0.000000
2820 5.189500
2821 5.189500
2822 5.189500
2823 5.189500
2824 5.189500
2825 5.189500
2826 5.189500
2827 5.189500
2828 5.189500
2829 5.189500
2830 5.189500
2831 5.189500
2832 5.189500
2833 5.189500
2834 5.189500
2835 5.189500
2836 5.189500
2837 5.189500
2838 5.189500
2839 10.379000
2840 10.379000
2841 15.568500
2842 15.568500
2843 10.379000
2844 10.379000
2845 5.189500
2846 5.189500
2847 5.189500
2848 5.189500
2849 5.189500
2850 5.189500
2851 5.189500
2852 5.189500
2853 5.189500
2854 5.189500
2855 5.189500
2856 5.189500
2857 5.189500
2858 10.379000
2859 10.379000
2860 0.000000
2861 5.189500
2862 5.189500
2863 5.189500
2864 10.379000
2865 5.189500
2866 0.000000
2867 0.000000
2868 0.000000
2869 0.000000
2870 0.000000
2871 0.000000
2872 0.000000
2873 0.000000
2874 0.000000
2875 0.000000
2876 0.000000
2877 0.000000
2878 0.000000
2879 0.000000
2880 0.000000
2881 0.000000
2882 0.000000
2883 0.000000
2884 0.000000
2885 0.000000
2886 0.000000
2887 0.000000
2888 0.000000
2889 0.000000
2890 5.189500
2891 5.189500
2892 5.189500
2893 5.189500
2894 5.189500
2895 5.189500
2896 5.189500
2897 5.189500
2898 5.189500
2899 5.189500
2900 0.000000
2901 0.000000
2902 0.000000
2903 0.000000
2904 0.000000
2905 0.000000
2906 0.000000
2907 0.000000
2908 0.000000
2909 0.000000
2910 0.000000
2911 0.000000
2912 0.000000
2913 0.000000
2914 0.000000
2915 0.000000
2916 0.000000
2917 5.189500
2918 5.189500
2919 10.379000
2920 5.189500
2921 0.000000
2922 0.000000
2923 0.000000
2924 0.000000
2925 0.000000
2926 0.000000
2927 0.000000
2928 0.000000
2929 0.000000
2930 0.000000
2931 0.000000
2932 0.000000
2933 0.000000
2934 0.000000
2935 0.000000
2936 0.000000
2937 0.000000
2938 0.000000
2939 0.000000
2940 5.189500
2941 5.189500
2942 5.189500
2943 5.189500
2944 5.189500
2945 5.189500
2946 5.189500
2947 5.189500
2948 5.189500
2949 5.189500
2950 5.189500
2951 5.189500
2952 5.189500
2953 5.189500
2954 5.189500
2955 5.189500
2956 5.189500
2957 5.189500
2958 5.189500
2959 5.189500
2960 5.189500
2961 5.189500
2962 5.189500
2963 5.189500
2964 0.000000
2965 0.000000
2966 5.189500
2967 5.189500
2968 5.189500
2969 5.189500
2970 5.189500
2971 0.000000
2972 0.000000
2973 0.000000
2974 0.000000
2975 0.000000
2976 0.000000
2977 0.000000
2978 0.000000
2979 5.189500
2980 5.189500
2981 5.189500
2982 0.000000
2983 0.000000
2984 0.000000
2985 0.000000
2986 0.000000
2987 0.000000
2988 0.000000
2989 0.000000
2990 0.000000
2991 0.000000
2992 0.000000
2993 0.000000
2994 0.000000
2995 0.000000
2996 0.000000
2997 0.000000
2998 0.000000
2999 0.000000
