50

0
1.100000
1.900000

1
1.100000
1.700000

2
1.100000
1.500000

3
1.100000
1.300000

4
1.100000
1.100000

5
1.300000
1.900000

6
1.300000
1.700000

7
1.300000
1.500000

8
1.300000
1.300000

9
1.300000
1.100000

10
1.500000
1.900000

11
1.500000
1.700000

12
1.500000
1.500000

13
1.500000
1.300000

14
1.500000
1.100000

15
1.700000
1.900000

16
1.700000
1.700000

17
1.700000
1.500000

18
1.700000
1.300000

19
1.700000
1.100000

20
1.900000
1.900000

21
1.900000
1.700000

22
1.900000
1.500000

23
1.900000
1.300000

24
1.900000
1.100000

25
2.100000
1.900000

26
2.100000
1.700000

27
2.100000
1.500000

28
2.100000
1.300000

29
2.100000
1.100000

30
2.300000
1.900000

31
2.300000
1.700000

32
2.300000
1.500000

33
2.300000
1.300000

34
2.300000
1.100000

35
2.500000
1.900000

36
2.500000
1.700000

37
2.500000
1.500000

38
2.500000
1.300000

39
2.500000
1.100000

40
2.700000
1.900000

41
2.700000
1.700000

42
2.700000
1.500000

43
2.700000
1.300000

44
2.700000
1.100000

45
2.900000
1.900000

46
2.900000
1.700000

47
2.900000
1.500000

48
2.900000
1.300000

49
2.900000
1.100000

