30

307
5.900000
1.450000

308
5.900000
1.550000

309
5.900000
1.650000

310
5.900000
1.750000

311
5.900000
1.850000

313
1.900000
1.450000

314
1.900000
1.550000

315
1.900000
1.650000

316
1.900000
1.750000

317
1.900000
1.850000

331
17.100000
1.450000

332
17.100000
1.550000

333
17.100000
1.650000

334
17.100000
1.750000

335
17.100000
1.850000

337
12.100000
1.450000

338
12.100000
1.550000

339
12.100000
1.650000

340
12.100000
1.750000

341
12.100000
1.850000

343
16.500000
1.450000

344
16.500000
1.550000

345
16.500000
1.650000

346
16.500000
1.750000

347
16.500000
1.850000

355
18.700000
1.450000

356
18.700000
1.550000

357
18.700000
1.650000

358
18.700000
1.750000

359
18.700000
1.850000

